10
10 91808931
642320787 202525381 810690558 73984513 38103122 286022119 650515315 16431446 236006472 311882421
10 617258675
974007274 5395509 653356691 141311369 70447149 467225402 615530859 846952966 598816824 530499169
10 280075119
931465482 250254840 777753368 604865124 959307978 961715529 642441063 242765544 446447569 921126080
10 591042273
395739975 488649076 770583334 735059705 187878214 520037505 47408316 229281430 251012140 474582787
10 681818154
474212517 867162896 771607177 549900079 253328620 409160586 154514406 29001088 717834292 26516249
10 964107621
800929955 958568536 277388688 649510687 397182558 263293618 891966197 263221502 591733575 758656198
10 263871160
378012162 873874571 779015030 247402751 300396336 979736077 539799305 604240895 171851300 163393994
10 624024028
764539882 924513801 65733226 625305899 728982327 946755972 255263465 846902076 229153044 490363047
10 65574263
748854860 7437589 237240706 570085540 220828960 322497698 284706241 677227369 327150159 670533095
10 970497873
968778735 114381022 419392680 780045761 475146423 186212116 368339531 766133201 803245017 419249747