1000000000 100
1000000000000000000
999999999000000000
999999998000000000
999999997000000000
999999996000000000
999999995000000000
999999994000000000
999999993000000000
999999992000000000
999999991000000000
999999990000000000
999999989000000000
999999988000000000
999999987000000000
999999986000000000
999999985000000000
999999984000000000
999999983000000000
999999982000000000
999999981000000000
999999980000000000
999999979000000000
999999978000000000
999999977000000000
999999976000000000
999999975000000000
999999974000000000
999999973000000000
999999972000000000
999999971000000000
999999970000000000
999999969000000000
999999968000000000
999999967000000000
999999966000000000
999999965000000000
999999964000000000
999999963000000000
999999962000000000
999999961000000000
999999960000000000
999999959000000000
999999958000000000
999999957000000000
999999956000000000
999999955000000000
999999954000000000
999999953000000000
999999952000000000
999999951000000000
999999950000000000
999999949000000000
999999948000000000
999999947000000000
999999946000000000
999999945000000000
999999944000000000
999999943000000000
999999942000000000
999999941000000000
999999940000000000
999999939000000000
999999938000000000
999999937000000000
999999936000000000
999999935000000000
999999934000000000
999999933000000000
999999932000000000
999999931000000000
999999930000000000
999999929000000000
999999928000000000
999999927000000000
999999926000000000
999999925000000000
999999924000000000
999999923000000000
999999922000000000
999999921000000000
999999920000000000
999999919000000000
999999918000000000
999999917000000000
999999916000000000
999999915000000000
999999914000000000
999999913000000000
999999912000000000
999999911000000000
999999910000000000
999999909000000000
999999908000000000
999999907000000000
999999906000000000
999999905000000000
999999904000000000
999999903000000000
999999902000000000
999999901000000000
