1999999999
1999955279
1999936754
1999922540
1999910557
1999900000
1999890455
1999881678
1999873509
1999865836
1999858579
1999851676
1999845081
1999838755
1999832668
1999826795
1999821115
1999815609
1999810263
1999805064
1999800000
1999795061
1999790238
1999785524
1999780911
1999776393
1999771965
1999767621
1999763357
1999759168
1999755051
1999751002
1999747018
1999743095
1999739232
1999735425
1999731672
1999727971
1999724319
1999720715
1999717157
1999713644
1999710172
1999706742
1999703352
1999700000
1999696685
1999693406
1999690161
1999686950
1999683772
1999680626
1999677510
1999674424
1999671366
1999668338
1999665336
1999662361
1999659412
1999656489
1999653590
1999650715
1999647864
1999645035
1999642229
1999639445
1999636682
1999633940
1999631218
1999628516
1999625834
1999623171
1999620527
1999617901
1999615292
1999612702
1999610128
1999607572
1999605032
1999602508
1999600000
1999597508
1999595031
1999592569
1999590122
1999587689
1999585271
1999582867
1999580476
1999578100
1999575736
1999573385
1999571048
1999568723
1999566410
1999564110
1999561822
1999559546
1999557281
1999555028
