1
44721
63246
77460
89443
100000
109545
118322
126491
134164
141421
148324
154919
161245
167332
173205
178885
184391
189737
194936
200000
204939
209762
214476
219089
223607
228035
232379
236643
240832
244949
248998
252982
256905
260768
264575
268328
272029
275681
279285
282843
286356
289828
293258
296648
300000
303315
306594
309839
313050
316228
319374
322490
325576
328634
331662
334664
337639
340588
343511
346410
349285
352136
354965
357771
360555
363318
366060
368782
371484
374166
376829
379473
382099
384708
387298
389872
392428
394968
397492
400000
402492
404969
407431
409878
412311
414729
417133
419524
421900
424264
426615
428952
431277
433590
435890
438178
440454
442719
444972
447214
449444
451664
453872
456070
458258
460435
462601
464758
466905
469042
471169
473286
475395
477493
479583
481664
483735
485798
487852
489898
491935
493964
495984
497996
500000
501996
503984
505964
507937
509902
511859
513809
515752
517687
519615
521536
523450
525357
527257
529150
531037
532917
534790
536656
538516
540370
542218
544059
545894
547723
549545
551362
553173
554977
556776
558570
560357
562139
563915
565685
567450
569210
570964
572713
574456
576194
577927
579655
581378
583095
584808
586515
588218
589915
591608
593296
594979
596657
598331
600000
601664
603324
604979
606630
608276
609918
611555
613188
614817
616441
618061
619677
621289
622896
624500
626099
627694
629285
630872
632456
634035
635610
637181
638749
640312
641872
643428
644981
646529
648074
649615
651153
652687
654217
655744
657267
658787
660303
661816
663325
664831
666333
667832
669328
670820
672309
673795
675278
676757
678233
679706
681175
682642
684105
685565
687023
688477
689928
691375
692820
694262
695701
697137
698570
700000
701427
702851
704273
705691
707107
708520
709930
711337
712741
714143
715542
716938
718331
719722
721110
722496
723878
725259
726636
728011
729383
730753
732120
733485
734847
736206
737564
738918
740270
741620
742967
744312
745654
746994
748331
749667
750999
752330
753658
754983
756307
757628
758947
760263
761577
762889
764199
765506
766812
768115
769415
770714
772010
773305
774597
775887
777174
778460
779744
781025
782304
783582
784857
786130
787401
788670
789937
791202
792465
793725
794984
796241
797496
798749
800000
801249
802496
803741
804984
806226
807465
808703
809938
811172
812404
813634
814862
816088
817313
818535
819756
820975
822192
823408
824621
825833
827043
828251
829458
830662
831865
833067
834266
835464
836660
837854
839047
840238
841427
842615
843801
844985
846168
847349
848528
849706
850882
852056
853229
854400
855570
856738
857904
859069
860233
861394
862554
863713
864870
866025
867179
868332
869483
870632
871780
872926
874071
875214
876356
877496
878635
879773
880909
882043
883176
884308
885438
886566
887694
888819
889944
891067
892188
893308
894427
895545
896660
897775
898888
900000
901110
902219
903327
904434
905539
906642
907744
908845
909945
911043
912140
913236
914330
915423
916515
917606
918695
919783
920869
921954
923038
924121
925203
926283
927362
928440
929516
930591
931665
932738
933809
934880
935949
937017
938083
939149
940213
941276
942338
943398
944458
945516
946573
947629
948683
949737
950789
951840
952890
953939
954987
956033
957079
958123
959166
960208
961249
962289
963328
964365
965401
966437
967471
968504
969536
970567
971597
972625
973653
974679
975705
976729
977753
978775
979796
980816
981835
982853
983870
984886
985901
986914
987927
988939
989949
990959
991968
992975
993982
994987
995992
996995
997998
998999
1000000
1001000
1001998
1002996
1003992
1004988
1005982
1006976
1007968
1008960
1009950
1010940
1011929
1012917
1013903
1014889
1015874
1016858
1017841
1018823
1019804
1020784
1021763
1022741
1023719
1024695
1025671
1026645
1027619
1028591
1029563
1030534
1031504
1032473
1033441
1034408
1035374
1036340
1037304
1038268
1039230
1040192
1041153
1042113
1043072
1044031
1044988
1045945
1046900
1047855
1048809
1049762
1050714
1051665
1052616
1053565
1054514
1055462
1056409
1057355
1058301
1059245
1060189
1061131
1062073
1063015
1063955
1064894
1065833
1066771
1067708
1068644
1069579
1070514
1071448
1072381
1073313
1074244
1075174
1076104
1077033
1077961
1078888
1079815
1080740
1081665
1082589
1083513
1084435
1085357
1086278
1087198
1088118
1089036
1089954
1090871
1091788
1092703
1093618
1094532
1095445
1096358
1097269
1098180
1099091
1100000
1100909
1101817
1102724
1103630
1104536
1105441
1106345
1107249
1108152
1109054
1109955
1110856
1111755
1112654
1113553
1114451
1115347
1116244
1117139
1118034
1118928
1119821
1120714
1121606
1122497
1123388
1124278
1125167
1126055
1126943
1127830
1128716
1129602
1130487
1131371
1132254
1133137
1134019
1134901
1135782
1136662
1137541
1138420
1139298
1140175
1141052
1141928
1142804
1143678
1144552
1145426
1146298
1147170
1148042
1148913
1149783
1150652
1151521
1152389
1153256
1154123
1154989
1155855
1156719
1157584
1158447
1159310
1160172
1161034
1161895
1162755
1163615
1164474
1165333
1166190
1167048
1167904
1168760
1169615
1170470
1171324
1172177
1173030
1173882
1174734
1175585
1176435
1177285
1178134
1178983
1179830
1180678
1181524
1182371
1183216
1184061
1184905
1185749
1186592
1187434
1188276
1189117
1189958
1190798
1191638
1192476
1193315
1194152
1194990
1195826
1196662
1197497
1198332
1199166
1200000
1200833
1201666
1202497
1203329
1204159
1204990
1205819
1206648
1207477
1208305
1209132
1209959
1210785
1211610
1212436
1213260
1214084
1214907
1215730
1216553
1217374
1218195
1219016
1219836
1220656
1221475
1222293
1223111
1223928
1224745
1225561
1226377
1227192
1228007
1228821
1229634
1230447
1231260
1232071
1232883
1233694
1234504
1235314
1236123
1236932
1237740
1238548
1239355
1240161
1240967
1241773
1242578
1243382
1244186
1244990
1245793
1246595
1247397
1248199
1249000
1249800
1250600
1251399
1252198
1252996
1253794
1254592
1255388
1256185
1256981
1257776
1258571
1259365
1260159
1260952
1261745
1262537
1263329
1264120
1264911
1265701
1266491
1267281
1268069
1268858
1269646
1270433
1271220
1272006
1272792
1273578
1274363
1275147
1275931
1276715
1277498
1278280
1279062
1279844
1280625
1281405
1282186
1282965
1283745
1284523
1285302
1286079
1286857
1287633
1288410
1289186
1289961
1290736
1291511
1292285
1293058
1293832
1294604
1295376
1296148
1296919
1297690
1298461
1299231
1300000
1300769
1301538
1302306
1303073
1303840
1304607
1305374
1306139
1306905
1307670
1308434
1309198
1309962
1310725
1311488
1312250
1313012
1313773
1314534
1315295
1316055
1316814
1317574
1318332
1319091
1319848
1320606
1321363
1322120
1322876
1323631
1324387
1325142
1325896
1326650
1327403
1328157
1328909
1329662
1330413
1331165
1331916
1332666
1333417
1334166
1334916
1335665
1336413
1337161
1337909
1338656
1339403
1340149
1340895
1341641
1342386
1343131
1343875
1344619
1345362
1346105
1346848
1347590
1348332
1349074
1349815
1350555
1351296
1352036
1352775
1353514
1354253
1354991
1355729
1356466
1357203
1357940
1358676
1359412
1360147
1360882
1361617
1362351
1363085
1363818
1364551
1365284
1366016
1366748
1367479
1368211
1368941
1369671
1370401
1371131
1371860
1372589
1373317
1374045
1374773
1375500
1376227
1376953
1377679
1378405
1379130
1379855
1380580
1381304
1382027
1382751
1383474
1384197
1384919
1385641
1386362
1387083
1387804
1388524
1389244
1389964
1390683
1391402
1392121
1392839
1393557
1394274
1394991
1395708
1396424
1397140
1397856
1398571
1399286
1400000
1400714
1401428
1402141
1402854
1403567
1404279
1404991
1405703
1406414
1407125
1407835
1408545
1409255
1409965
1410674
1411382
1412091
1412799
1413506
1414214
1414920
1415627
1416333
1417039
1417745
1418450
1419155
1419859
1420563
1421267
1421970
1422674
1423376
1424079
1424781
1425482
1426184
1426885
1427585
1428286
1428986
1429685
1430385
1431084
1431782
1432480
1433178
1433876
1434573
1435270
1435967
1436663
1437359
1438054
1438749
1439444
1440139
1440833
1441527
1442221
1442914
1443607
1444299
1444991
1445683
1446375
1447066
1447757
1448447
1449138
1449828
1450517
1451206
1451895
1452584
1453272
1453960
1454648
1455335
1456022
1456709
1457395
1458081
1458767
1459452
1460137
1460822
1461506
1462190
1462874
1463557
1464240
1464923
1465606
1466288
1466970
1467651
1468332
1469013
1469694
1470374
1471054
1471734
1472413
1473092
1473771
1474449
1475127
1475805
1476482
1477159
1477836
1478513
1479189
1479865
1480540
1481216
1481891
1482565
1483240
1483914
1484587
1485261
1485934
1486607
1487279
1487952
1488624
1489295
1489966
1490637
1491308
1491979
1492649
1493318
1493988
1494657
1495326
1495995
1496663
1497331
1497999
1498666
1499333
1500000
1500667
1501333
1501999
1502664
1503330
1503995
1504659
1505324
1505988
1506652
1507315
1507979
1508642
1509304
1509967
1510629
1511291
1511952
1512614
1513275
1513935
1514596
1515256
1515916
1516575
1517234
1517893
1518552
1519210
1519868
1520526
1521184
1521841
1522498
1523155
1523811
1524467
1525123
1525778
1526434
1527089
1527743
1528398
1529052
1529706
1530359
1531013
1531666
1532319
1532971
1533623
1534275
1534927
1535578
1536229
1536880
1537530
1538181
1538831
1539480
1540130
1540779
1541428
1542077
1542725
1543373
1544021
1544668
1545316
1545962
1546609
1547256
1547902
1548548
1549193
1549839
1550484
1551129
1551773
1552417
1553061
1553705
1554349
1554992
1555635
1556278
1556920
1557562
1558204
1558846
1559487
1560128
1560769
1561410
1562050
1562690
1563330
1563969
1564609
1565248
1565886
1566525
1567163
1567801
1568439
1569076
1569713
1570350
1570987
1571623
1572260
1572895
1573531
1574166
1574802
1575436
1576071
1576705
1577340
1577973
1578607
1579240
1579873
1580506
1581139
1581771
1582403
1583035
1583667
1584298
1584929
1585560
1586190
1586821
1587451
1588081
1588710
1589339
1589969
1590597
1591226
1591854
1592482
1593110
1593738
1594365
1594992
1595619
1596246
1596872
1597498
1598124
1598750
1599375
1600000
1600625
1601250
1601874
1602498
1603122
1603746
1604369
1604992
1605615
1606238
1606860
1607483
1608104
1608726
1609348
1609969
1610590
1611211
1611831
1612452
1613072
1613691
1614311
1614930
1615549
1616168
1616787
1617405
1618023
1618641
1619259
1619877
1620494
1621111
1621727
1622344
1622960
1623576
1624192
1624808
1625423
1626038
1626653
1627268
1627882
1628496
1629110
1629724
1630337
1630951
1631564
1632176
1632789
1633401
1634013
1634625
1635237
1635848
1636460
1637071
1637681
1638292
1638902
1639512
1640122
1640732
1641341
1641950
1642559
1643168
1643776
1644384
1644992
1645600
1646208
1646815
1647422
1648029
1648636
1649242
1649848
1650454
1651060
1651666
1652271
1652876
1653481
1654086
1654690
1655295
1655899
1656502
1657106
1657709
1658312
1658915
1659518
1660120
1660723
1661325
1661927
1662528
1663130
1663731
1664332
1664932
1665533
1666133
1666733
1667333
1667933
1668532
1669132
1669731
1670329
1670928
1671526
1672124
1672722
1673320
1673918
1674515
1675112
1675709
1676305
1676902
1677498
1678094
1678690
1679286
1679881
1680476
1681071
1681666
1682260
1682855
1683449
1684043
1684636
1685230
1685823
1686416
1687009
1687602
1688194
1688787
1689379
1689970
1690562
1691153
1691745
1692336
1692926
1693517
1694107
1694698
1695288
1695877
1696467
1697056
1697645
1698234
1698823
1699412
1700000
1700588
1701176
1701764
1702351
1702939
1703526
1704113
1704699
1705286
1705872
1706458
1707044
1707630
1708215
1708801
1709386
1709971
1710555
1711140
1711724
1712308
1712892
1713476
1714060
1714643
1715226
1715809
1716392
1716974
1717556
1718139
1718720
1719302
1719884
1720465
1721046
1721627
1722208
1722788
1723369
1723949
1724529
1725109
1725688
1726268
1726847
1727426
1728005
1728583
1729162
1729740
1730318
1730896
1731473
1732051
1732628
1733205
1733782
1734359
1734935
1735511
1736088
1736663
1737239
1737815
1738390
1738965
1739540
1740115
1740690
1741264
1741838
1742412
1742986
1743560
1744133
1744706
1745279
1745852
1746425
1746997
1747570
1748142
1748714
1749286
1749857
1750429
1751000
1751571
1752142
1752712
1753283
1753853
1754423
1754993
1755563
1756132
1756701
1757271
1757840
1758408
1758977
1759545
1760114
1760682
1761250
1761817
1762385
1762952
1763519
1764086
1764653
1765220
1765786
1766352
1766918
1767484
1768050
1768615
1769181
1769746
1770311
1770875
1771440
1772005
1772569
1773133
1773697
1774260
1774824
1775387
1775950
1776513
1777076
1777639
1778201
1778764
1779326
1779888
1780449
1781011
1781572
1782134
1782695
1783255
1783816
1784377
1784937
1785497
1786057
1786617
1787177
1787736
1788295
1788854
1789413
1789972
1790531
1791089
1791647
1792205
1792763
1793321
1793878
1794436
1794993
1795550
1796107
1796664
1797220
1797776
1798333
1798889
1799444
1800000
1800555
1801111
1801666
1802221
1802776
1803330
1803885
1804439
1804993
1805547
1806101
1806654
1807208
1807761
1808314
1808867
1809420
1809972
1810525
1811077
1811629
1812181
1812733
1813284
1813836
1814387
1814938
1815489
1816040
1816590
1817141
1817691
1818241
1818791
1819341
1819890
1820440
1820989
1821538
1822087
1822635
1823184
1823732
1824281
1824829
1825377
1825924
1826472
1827019
1827567
1828114
1828661
1829207
1829754
1830301
1830847
1831393
1831939
1832485
1833030
1833576
1834121
1834666
1835211
1835756
1836301
1836845
1837389
1837934
1838478
1839021
1839565
1840109
1840652
1841195
1841738
1842281
1842824
1843366
1843909
1844451
1844993
1845535
1846077
1846619
1847160
1847701
1848242
1848783
1849324
1849865
1850405
1850946
1851486
1852026
1852566
1853106
1853645
1854184
1854724
1855263
1855802
1856340
1856879
1857418
1857956
1858494
1859032
1859570
1860108
1860645
1861182
1861720
1862257
1862794
1863330
1863867
1864403
1864940
1865476
1866012
1866548
1867083
1867619
1868154
1868689
1869224
1869759
1870294
1870829
1871363
1871897
1872432
1872966
1873499
1874033
1874567
1875100
1875633
1876166
1876699
1877232
1877765
1878297
1878829
1879362
1879894
1880425
1880957
1881489
1882020
1882551
1883083
1883614
1884144
1884675
1885206
1885736
1886266
1886796
1887326
1887856
1888386
1888915
1889444
1889974
1890503
1891031
1891560
1892089
1892617
1893146
1893674
1894202
1894730
1895257
1895785
1896312
1896839
1897367
1897894
1898420
1898947
1899474
1900000
1900526
1901052
1901578
1902104
1902630
1903155
1903681
1904206
1904731
1905256
1905781
1906305
1906830
1907354
1907878
1908402
1908926
1909450
1909974
1910497
1911021
1911544
1912067
1912590
1913113
1913635
1914158
1914680
1915202
1915724
1916246
1916768
1917290
1917811
1918333
1918854
1919375
1919896
1920417
1920937
1921458
1921978
1922498
1923018
1923538
1924058
1924578
1925097
1925617
1926136
1926655
1927174
1927693
1928212
1928730
1929249
1929767
1930285
1930803
1931321
1931839
1932356
1932874
1933391
1933908
1934425
1934942
1935459
1935975
1936492
1937008
1937524
1938040
1938556
1939072
1939588
1940103
1940618
1941134
1941649
1942164
1942679
1943193
1943708
1944222
1944736
1945251
1945765
1946279
1946792
1947306
1947819
1948333
1948846
1949359
1949872
1950385
1950897
1951410
1951922
1952434
1952946
1953458
1953970
1954482
1954994
1955505
1956016
1956528
1957039
1957549
1958060
1958571
1959081
1959592
1960102
1960612
1961122
1961632
1962142
1962651
1963161
1963670
1964179
1964688
1965197
1965706
1966215
1966723
1967232
1967740
1968248
1968756
1969264
1969772
1970279
1970787
1971294
1971801
1972308
1972815
1973322
1973829
1974335
1974842
1975348
1975854
1976360
1976866
1977372
1977878
1978383
1978889
1979394
1979899
1980404
1980909
1981414
1981918
1982423
1982927
1983431
1983935
1984439
1984943
1985447
1985951
1986454
1986957
1987461
1987964
1988467
1988970
1989472
1989975
1990477
1990980
1991482
1991984
1992486
1992988
1993489
1993991
1994492
1994994
1995495
1995996
1996497
1996998
1997498
1997999
1998499
1999000
1999500
2000000
2000500
2001000
2001499
2001999
2002498
2002998
2003497
2003996
2004495
2004994
2005492
2005991
2006489
2006988
2007486
2007984
2008482
2008980
2009478
2009975
2010473
2010970
2011467
2011964
2012461
2012958
2013455
2013951
2014448
2014944
2015440
2015937
2016432
2016928
2017424
2017920
2018415
2018911
2019406
2019901
2020396
2020891
2021386
2021880
2022375
2022869
2023364
2023858
2024352
2024846
2025339
2025833
2026327
2026820
2027313
2027807
2028300
2028793
2029286
2029778
2030271
2030763
2031256
2031748
2032240
2032732
2033224
2033716
2034207
2034699
2035190
2035682
2036173
2036664
2037155
2037646
2038136
2038627
2039117
2039608
2040098
2040588
2041078
2041568
2042058
2042547
2043037
2043526
2044016
2044505
2044994
2045483
2045972
2046460
2046949
2047437
2047926
2048414
2048902
2049390
2049878
2050366
2050853
2051341
2051828
2052316
2052803
2053290
2053777
2054264
2054751
2055237
2055724
2056210
2056696
2057183
2057669
2058155
2058640
2059126
2059612
2060097
2060582
2061068
2061553
2062038
2062523
2063008
2063492
2063977
2064461
2064946
2065430
2065914
2066398
2066882
2067365
2067849
2068333
2068816
2069299
2069783
2070266
2070749
2071232
2071714
2072197
2072679
2073162
2073644
2074126
2074608
2075090
2075572
2076054
2076536
2077017
2077498
2077980
2078461
2078942
2079423
2079904
2080385
2080865
2081346
2081826
2082306
2082787
2083267
2083747
2084226
2084706
2085186
2085665
2086145
2086624
2087103
2087582
2088061
2088540
2089019
2089498
2089976
2090454
2090933
2091411
2091889
2092367
2092845
2093323
2093800
2094278
2094755
2095233
2095710
2096187
2096664
2097141
2097618
2098094
2098571
2099047
2099524
2100000
2100476
2100952
2101428
2101904
2102380
2102855
2103331
2103806
2104281
2104757
2105232
2105707
2106181
2106656
2107131
2107605
2108080
2108554
2109028
2109502
2109976
2110450
2110924
2111398
2111871
2112345
2112818
2113291
2113764
2114237
2114710
2115183
2115656
2116129
2116601
2117073
2117546
2118018
2118490
2118962
2119434
2119906
2120377
2120849
2121320
2121792
2122263
2122734
2123205
2123676
2124147
2124618
2125088
2125559
2126029
2126499
2126970
2127440
2127910
2128380
2128849
2129319
2129789
2130258
2130728
2131197
2131666
2132135
2132604
2133073
2133542
2134010
2134479
2134947
2135416
2135884
2136352
2136820
2137288
2137756
2138224
2138691
2139159
2139626
2140093
2140561
2141028
2141495
2141962
2142429
2142895
2143362
2143828
2144295
2144761
2145227
2145693
2146159
2146625
2147091
2147557
2148022
2148488
2148953
2149419
2149884
2150349
2150814
2151279
2151743
2152208
2152673
2153137
2153602
2154066
2154530
2154994
2155458
2155922
2156386
2156850
2157313
2157777
2158240
2158703
2159167
2159630
2160093
2160555
2161018
2161481
2161944
2162406
2162868
2163331
2163793
2164255
2164717
2165179
2165641
2166102
2166564
2167026
2167487
2167948
2168410
2168871
2169332
2169793
2170253
2170714
2171175
2171635
2172096
2172556
2173016
2173476
2173937
2174396
2174856
2175316
2175776
2176235
2176695
2177154
2177613
2178073
2178532
2178991
2179449
2179908
2180367
2180826
2181284
2181742
2182201
2182659
2183117
2183575
2184033
2184491
2184949
2185406
2185864
2186321
2186778
2187236
2187693
2188150
2188607
2189064
2189520
2189977
2190434
2190890
2191347
2191803
2192259
2192715
2193171
2193627
2194083
2194539
2194994
2195450
2195905
2196361
2196816
2197271
2197726
2198181
2198636
2199091
2199545
2200000
2200454
2200909
2201363
2201817
2202272
2202726
2203180
2203633
2204087
2204541
2204994
2205448
2205901
2206354
2206808
2207261
2207714
2208167
2208619
2209072
2209525
2209977
2210430
2210882
2211334
2211787
2212239
2212691
2213143
2213594
2214046
2214498
2214949
2215401
2215852
2216303
2216754
2217205
2217656
2218107
2218558
2219009
2219459
2219910
2220360
2220811
2221261
2221711
2222161
2222611
2223061
2223511
2223960
2224410
2224860
2225309
2225758
2226208
2226657
2227106
2227555
2228004
2228452
2228901
2229350
2229798
2230247
2230695
2231143
2231591
2232039
2232487
2232935
2233383
2233831
2234278
2234726
2235173
2235621
2236068
2236515
2236962
2237409
2237856
2238303
2238750
2239196
2239643
2240089
2240536
2240982
2241428
2241874
2242320
2242766
2243212
2243658
2244103
2244549
2244994
2245440
2245885
2246330
2246775
2247221
2247665
2248110
2248555
2249000
2249444
2249889
2250333
2250778
2251222
2251666
2252110
2252554
2252998
2253442
2253886
2254329
2254773
2255216
2255660
2256103
2256546
2256989
2257432
2257875
2258318
2258761
2259203
2259646
2260088
2260531
2260973
2261415
2261858
2262300
2262742
2263184
2263625
2264067
2264509
2264950
2265392
2265833
2266274
2266716
2267157
2267598
2268039
2268480
2268920
2269361
2269802
2270242
2270683
2271123
2271563
2272004
2272444
2272884
2273324
2273763
2274203
2274643
2275082
2275522
2275961
2276401
2276840
2277279
2277718
2278157
2278596
2279035
2279474
2279912
2280351
2280789
2281228
2281666
2282104
2282542
2282981
2283418
2283856
2284294
2284732
2285170
2285607
2286045
2286482
2286919
2287357
2287794
2288231
2288668
2289105
2289541
2289978
2290415
2290851
2291288
2291724
2292161
2292597
2293033
2293469
2293905
2294341
2294777
2295212
2295648
2296084
2296519
2296955
2297390
2297825
2298260
2298695
2299130
2299565
2300000
2300435
2300869
2301304
2301738
2302173
2302607
2303041
2303476
2303910
2304344
2304778
2305211
2305645
2306079
2306513
2306946
2307379
2307813
2308246
2308679
2309112
2309545
2309978
2310411
2310844
2311277
2311709
2312142
2312574
2313007
2313439
2313871
2314303
2314735
2315167
2315599
2316031
2316463
2316894
2317326
2317758
2318189
2318620
2319052
2319483
2319914
2320345
2320776
2321207
2321637
2322068
2322499
2322929
2323360
2323790
2324220
2324651
2325081
2325511
2325941
2326371
2326800
2327230
2327660
2328089
2328519
2328948
2329378
2329807
2330236
2330665
2331094
2331523
2331952
2332381
2332809
2333238
2333667
2334095
2334524
2334952
2335380
2335808
2336236
2336664
2337092
2337520
2337948
2338376
2338803
2339231
2339658
2340085
2340513
2340940
2341367
2341794
2342221
2342648
2343075
2343502
2343928
2344355
2344781
2345208
2345634
2346061
2346487
2346913
2347339
2347765
2348191
2348617
2349042
2349468
2349894
2350319
2350745
2351170
2351595
2352020
2352446
2352871
2353296
2353720
2354145
2354570
2354995
2355419
2355844
2356268
2356693
2357117
2357541
2357965
2358389
2358813
2359237
2359661
2360085
2360508
2360932
2361356
2361779
2362202
2362626
2363049
2363472
2363895
2364318
2364741
2365164
2365587
2366009
2366432
2366854
2367277
2367699
2368122
2368544
2368966
2369388
2369810
2370232
2370654
2371076
2371497
2371919
2372341
2372762
2373184
2373605
2374026
2374447
2374868
2375289
2375710
2376131
2376552
2376973
2377394
2377814
2378235
2378655
2379075
2379496
2379916
2380336
2380756
2381176
2381596
2382016
2382436
2382855
2383275
2383695
2384114
2384533
2384953
2385372
2385791
2386210
2386629
2387048
2387467
2387886
2388305
2388724
2389142
2389561
2389979
2390397
2390816
2391234
2391652
2392070
2392488
2392906
2393324
2393742
2394160
2394577
2394995
2395412
2395830
2396247
2396664
2397082
2397499
2397916
2398333
2398750
2399167
2399583
2400000
2400417
2400833
2401250
2401666
2402082
2402499
2402915
2403331
2403747
2404163
2404579
2404995
2405411
2405826
2406242
2406657
2407073
2407488
2407904
2408319
2408734
2409149
2409564
2409979
2410394
2410809
2411224
2411638
2412053
2412468
2412882
2413297
2413711
2414125
2414539
2414953
2415367
2415781
2416195
2416609
2417023
2417437
2417850
2418264
2418677
2419091
2419504
2419917
2420331
2420744
2421157
2421570
2421983
2422396
2422808
2423221
2423634
2424046
2424459
2424871
2425283
2425696
2426108
2426520
2426932
2427344
2427756
2428168
2428580
2428992
2429403
2429815
2430226
2430638
2431049
2431460
2431872
2432283
2432694
2433105
2433516
2433927
2434338
2434748
2435159
2435570
2435980
2436391
2436801
2437212
2437622
2438032
2438442
2438852
2439262
2439672
2440082
2440492
2440901
2441311
2441721
2442130
2442540
2442949
2443358
2443768
2444177
2444586
2444995
2445404
2445813
2446222
2446630
2447039
2447448
2447856
2448265
2448673
2449081
2449490
2449898
2450306
2450714
2451122
2451530
2451938
2452346
2452754
2453161
2453569
2453976
2454384
2454791
2455199
2455606
2456013
2456420
2456827
2457234
2457641
2458048
2458455
2458862
2459268
2459675
2460081
2460488
2460894
2461300
2461707
2462113
2462519
2462925
2463331
2463737
2464143
2464549
2464954
2465360
2465766
2466171
2466577
2466982
2467387
2467793
2468198
2468603
2469008
2469413
2469818
2470223
2470627
2471032
2471437
2471841
2472246
2472650
2473055
2473459
2473863
2474268
2474672
2475076
2475480
2475884
2476288
2476691
2477095
2477499
2477902
2478306
2478709
2479113
2479516
2479919
2480323
2480726
2481129
2481532
2481935
2482338
2482740
2483143
2483546
2483948
2484351
2484754
2485156
2485558
2485961
2486363
2486765
2487167
2487569
2487971
2488373
2488775
2489177
2489578
2489980
2490381
2490783
2491184
2491586
2491987
2492388
2492790
2493191
2493592
2493993
2494394
2494795
2495195
2495596
2495997
2496397
2496798
2497198
2497599
2497999
2498399
2498800
2499200
2499600
2500000
2500400
2500800
2501200
2501599
2501999
2502399
2502798
2503198
2503597
2503997
2504396
2504795
2505195
2505594
2505993
2506392
2506791
2507190
2507588
2507987
2508386
2508785
2509183
2509582
2509980
2510378
2510777
2511175
2511573
2511971
2512369
2512767
2513165
2513563
2513961
2514359
2514756
2515154
2515552
2515949
2516347
2516744
2517141
2517538
2517936
2518333
2518730
2519127
2519524
2519921
2520317
2520714
2521111
2521507
2521904
2522301
2522697
2523093
2523490
2523886
2524282
2524678
2525074
2525470
2525866
2526262
2526658
2527054
2527449
2527845
2528240
2528636
2529031
2529427
2529822
2530217
2530613
2531008
2531403
2531798
2532193
2532588
2532982
2533377
2533772
2534167
2534561
2534956
2535350
2535744
2536139
2536533
2536927
2537321
2537716
2538110
2538503
2538897
2539291
2539685
2540079
2540472
2540866
2541260
2541653
2542046
2542440
2542833
2543226
2543619
2544013
2544406
2544799
2545192
2545584
2545977
2546370
2546763
2547155
2547548
2547940
2548333
2548725
2549117
2549510
2549902
2550294
2550686
2551078
2551470
2551862
2552254
2552646
2553037
2553429
2553821
2554212
2554604
2554995
2555386
2555778
2556169
2556560
2556951
2557342
2557733
2558124
2558515
2558906
2559297
2559687
2560078
2560469
2560859
2561250
2561640
2562030
2562421
2562811
2563201
2563591
2563981
2564371
2564761
2565151
2565541
2565931
2566320
2566710
2567100
2567489
2567879
2568268
2568657
2569047
2569436
2569825
2570214
2570603
2570992
2571381
2571770
2572159
2572547
2572936
2573325
2573713
2574102
2574490
2574879
2575267
2575655
2576043
2576432
2576820
2577208
2577596
2577984
2578372
2578759
2579147
2579535
2579922
2580310
2580698
2581085
2581472
2581860
2582247
2582634
2583021
2583409
2583796
2584183
2584570
2584956
2585343
2585730
2586117
2586503
2586890
2587277
2587663
2588049
2588436
2588822
2589208
2589595
2589981
2590367
2590753
2591139
2591525
2591910
2592296
2592682
2593068
2593453
2593839
2594224
2594610
2594995
2595381
2595766
2596151
2596536
2596921
2597306
2597691
2598076
2598461
2598846
2599231
2599615
2600000
2600385
2600769
2601154
2601538
2601922
2602307
2602691
2603075
2603459
2603843
2604227
2604611
2604995
2605379
2605763
2606147
2606530
2606914
2607297
2607681
2608064
2608448
2608831
2609214
2609598
2609981
2610364
2610747
2611130
2611513
2611896
2612279
2612661
2613044
2613427
2613809
2614192
2614575
2614957
2615339
2615722
2616104
2616486
2616868
2617250
2617633
2618015
2618396
2618778
2619160
2619542
2619924
2620305
2620687
2621068
2621450
2621831
2622213
2622594
2622975
2623357
2623738
2624119
2624500
2624881
2625262
2625643
2626024
2626404
2626785
2627166
2627546
2627927
2628307
2628688
2629068
2629449
2629829
2630209
2630589
2630969
2631349
2631729
2632109
2632489
2632869
2633249
2633629
2634008
2634388
2634768
2635147
2635527
2635906
2636285
2636665
2637044
2637423
2637802
2638181
2638560
2638939
2639318
2639697
2640076
2640455
2640833
2641212
2641590
2641969
2642347
2642726
2643104
2643483
2643861
2644239
2644617
2644995
2645373
2645751
2646129
2646507
2646885
2647263
2647640
2648018
2648396
2648773
2649151
2649528
2649906
2650283
2650660
2651038
2651415
2651792
2652169
2652546
2652923
2653300
2653677
2654054
2654430
2654807
2655184
2655560
2655937
2656313
2656690
2657066
2657442
2657819
2658195
2658571
2658947
2659323
2659699
2660075
2660451
2660827
2661203
2661578
2661954
2662330
2662705
2663081
2663456
2663832
2664207
2664583
2664958
2665333
2665708
2666083
2666458
2666833
2667208
2667583
2667958
2668333
2668708
2669082
2669457
2669831
2670206
2670580
2670955
2671329
2671704
2672078
2672452
2672826
2673200
2673574
2673948
2674322
2674696
2675070
2675444
2675818
2676191
2676565
2676939
2677312
2677686
2678059
2678432
2678806
2679179
2679552
2679925
2680298
2680672
2681045
2681418
2681790
2682163
2682536
2682909
2683282
2683654
2684027
2684399
2684772
2685144
2685517
2685889
2686261
2686634
2687006
2687378
2687750
2688122
2688494
2688866
2689238
2689610
2689981
2690353
2690725
2691096
2691468
2691840
2692211
2692582
2692954
2693325
2693696
2694068
2694439
2694810
2695181
2695552
2695923
2696294
2696665
2697035
2697406
2697777
2698148
2698518
2698889
2699259
2699630
2700000
2700370
2700741
2701111
2701481
2701851
2702221
2702591
2702961
2703331
2703701
2704071
2704441
2704811
2705180
2705550
2705919
2706289
2706658
2707028
2707397
2707767
2708136
2708505
2708874
2709243
2709613
2709982
2710351
2710719
2711088
2711457
2711826
2712195
2712563
2712932
2713301
2713669
2714038
2714406
2714774
2715143
2715511
2715879
2716247
2716616
2716984
2717352
2717720
2718088
2718455
2718823
2719191
2719559
2719926
2720294
2720662
2721029
2721397
2721764
2722132
2722499
2722866
2723233
2723601
2723968
2724335
2724702
2725069
2725436
2725803
2726169
2726536
2726903
2727270
2727636
2728003
2728369
2728736
2729102
2729469
2729835
2730201
2730568
2730934
2731300
2731666
2732032
2732398
2732764
2733130
2733496
2733862
2734227
2734593
2734959
2735324
2735690
2736056
2736421
2736786
2737152
2737517
2737882
2738248
2738613
2738978
2739343
2739708
2740073
2740438
2740803
2741168
2741532
2741897
2742262
2742626
2742991
2743356
2743720
2744085
2744449
2744813
2745178
2745542
2745906
2746270
2746634
2746998
2747362
2747726
2748090
2748454
2748818
2749182
2749545
2749909
2750273
2750636
2751000
2751363
2751727
2752090
2752453
2752817
2753180
2753543
2753906
2754269
2754632
2754995
2755358
2755721
2756084
2756447
2756810
2757172
2757535
2757898
2758260
2758623
2758985
2759348
2759710
2760072
2760435
2760797
2761159
2761521
2761883
2762245
2762607
2762969
2763331
2763693
2764055
2764417
2764778
2765140
2765502
2765863
2766225
2766586
2766948
2767309
2767671
2768032
2768393
2768754
2769115
2769476
2769838
2770199
2770560
2770920
2771281
2771642
2772003
2772364
2772724
2773085
2773446
2773806
2774167
2774527
2774887
2775248
2775608
2775968
2776329
2776689
2777049
2777409
2777769
2778129
2778489
2778849
2779209
2779568
2779928
2780288
2780647
2781007
2781367
2781726
2782086
2782445
2782804
2783164
2783523
2783882
2784241
2784601
2784960
2785319
2785678
2786037
2786396
2786754
2787113
2787472
2787831
2788189
2788548
2788907
2789265
2789624
2789982
2790340
2790699
2791057
2791415
2791774
2792132
2792490
2792848
2793206
2793564
2793922
2794280
2794638
2794996
2795353
2795711
2796069
2796426
2796784
2797141
2797499
2797856
2798214
2798571
2798928
2799286
2799643
2800000
2800357
2800714
2801071
2801428
2801785
2802142
2802499
2802856
2803212
2803569
2803926
2804282
2804639
2804996
2805352
2805708
2806065
2806421
2806778
2807134
2807490
2807846
2808202
2808558
2808914
2809270
2809626
2809982
2810338
2810694
2811050
2811405
2811761
2812117
2812472
2812828
2813183
2813539
2813894
2814249
2814605
2814960
2815315
2815670
2816026
2816381
2816736
2817091
2817446
2817801
2818155
2818510
2818865
2819220
2819574
2819929
2820284
2820638
2820993
2821347
2821702
2822056
2822410
2822765
2823119
2823473
2823827
2824181
2824535
2824889
2825243
2825597
2825951
2826305
2826659
2827013
2827366
2827720
2828074
2828427
2828781
2829134
2829488
2829841
2830194
2830548
2830901
2831254
2831607
2831960
2832314
2832667
2833020
2833373
2833725
2834078
2834431
2834784
2835137
2835489
2835842
2836195
2836547
2836900
2837252
2837605
2837957
2838309
2838662
2839014
2839366
2839718
2840070
2840423
2840775
2841127
2841478
2841830
2842182
2842534
2842886
2843238
2843589
2843941
2844293
2844644
2844996
2845347
2845699
2846050
2846401
2846753
2847104
2847455
2847806
2848157
2848508
2848859
2849210
2849561
2849912
2850263
2850614
2850965
2851315
2851666
2852017
2852367
2852718
2853069
2853419
2853769
2854120
2854470
2854820
2855171
2855521
2855871
2856221
2856571
2856921
2857271
2857621
2857971
2858321
2858671
2859021
2859371
2859720
2860070
2860420
2860769
2861119
2861468
2861818
2862167
2862516
2862866
2863215
2863564
2863913
2864263
2864612
2864961
2865310
2865659
2866008
2866357
2866705
2867054
2867403
2867752
2868100
2868449
2868798
2869146
2869495
2869843
2870192
2870540
2870888
2871237
2871585
2871933
2872281
2872629
2872978
2873326
2873674
2874022
2874369
2874717
2875065
2875413
2875761
2876108
2876456
2876804
2877151
2877499
2877846
2878194
2878541
2878889
2879236
2879583
2879931
2880278
2880625
2880972
2881319
2881666
2882013
2882360
2882707
2883054
2883401
2883748
2884094
2884441
2884788
2885134
2885481
2885827
2886174
2886520
2886867
2887213
2887560
2887906
2888252
2888598
2888944
2889291
2889637
2889983
2890329
2890675
2891021
2891366
2891712
2892058
2892404
2892750
2893095
2893441
2893786
2894132
2894478
2894823
2895168
2895514
2895859
2896204
2896550
2896895
2897240
2897585
2897930
2898275
2898620
2898965
2899310
2899655
2900000
2900345
2900690
2901034
2901379
2901724
2902068
2902413
2902757
2903102
2903446
2903791
2904135
2904479
2904824
2905168
2905512
2905856
2906200
2906544
2906888
2907232
2907576
2907920
2908264
2908608
2908952
2909295
2909639
2909983
2910326
2910670
2911014
2911357
2911701
2912044
2912387
2912731
2913074
2913417
2913760
2914104
2914447
2914790
2915133
2915476
2915819
2916162
2916505
2916848
2917190
2917533
2917876
2918219
2918561
2918904
2919246
2919589
2919932
2920274
2920616
2920959
2921301
2921643
2921986
2922328
2922670
2923012
2923354
2923696
2924038
2924380
2924722
2925064
2925406
2925748
2926090
2926431
2926773
2927115
2927456
2927798
2928139
2928481
2928822
2929164
2929505
2929846
2930188
2930529
2930870
2931211
2931552
2931894
2932235
2932576
2932917
2933258
2933598
2933939
2934280
2934621
2934962
2935302
2935643
2935984
2936324
2936665
2937005
2937346
2937686
2938027
2938367
2938707
2939047
2939388
2939728
2940068
2940408
2940748
2941088
2941428
2941768
2942108
2942448
2942788
2943128
2943467
2943807
2944147
2944486
2944826
2945166
2945505
2945845
2946184
2946523
2946863
2947202
2947541
2947881
2948220
2948559
2948898
2949237
2949576
2949915
2950254
2950593
2950932
2951271
2951610
2951949
2952287
2952626
2952965
2953303
2953642
2953980
2954319
2954657
2954996
2955334
2955673
2956011
2956349
2956687
2957026
2957364
2957702
2958040
2958378
2958716
2959054
2959392
2959730
2960068
2960405
2960743
2961081
2961419
2961756
2962094
2962431
2962769
2963106
2963444
2963781
2964119
2964456
2964793
2965131
2965468
2965805
2966142
2966479
2966816
2967154
2967491
2967827
2968164
2968501
2968838
2969175
2969512
2969848
2970185
2970522
2970858
2971195
2971532
2971868
2972205
2972541
2972877
2973214
2973550
2973886
2974223
2974559
2974895
2975231
2975567
2975903
2976239
2976575
2976911
2977247
2977583
2977919
2978255
2978590
2978926
2979262
2979597
2979933
2980268
2980604
2980939
2981275
2981610
2981946
2982281
2982616
2982952
2983287
2983622
2983957
2984292
2984627
2984962
2985297
2985632
2985967
2986302
2986637
2986972
2987306
2987641
2987976
2988311
2988645
2988980
2989314
2989649
2989983
2990318
2990652
2990986
2991321
2991655
2991989
2992324
2992658
2992992
2993326
2993660
2993994
2994328
2994662
2994996
2995330
2995664
2995997
2996331
2996665
2996998
2997332
2997666
2997999
2998333
2998666
2999000
2999333
2999667
3000000
3000333
3000667
3001000
3001333
3001666
3001999
3002332
3002665
3002999
3003331
3003664
3003997
3004330
3004663
3004996
3005329
3005661
3005994
3006327
3006659
3006992
3007324
3007657
3007989
3008322
3008654
3008987
3009319
3009651
3009983
3010316
3010648
3010980
3011312
3011644
3011976
3012308
3012640
3012972
3013304
3013636
3013967
3014299
3014631
3014963
3015294
3015626
3015958
3016289
3016621
3016952
3017284
3017615
3017946
3018278
3018609
3018940
3019271
3019603
3019934
3020265
3020596
3020927
3021258
3021589
3021920
3022251
3022582
3022913
3023243
3023574
3023905
3024235
3024566
3024897
3025227
3025558
3025888
3026219
3026549
3026880
3027210
3027540
3027871
3028201
3028531
3028861
3029191
3029521
3029851
3030182
3030512
3030841
3031171
3031501
3031831
3032161
3032491
3032820
3033150
3033480
3033809
3034139
3034469
3034798
3035128
3035457
3035787
3036116
3036445
3036775
3037104
3037433
3037762
3038092
3038421
3038750
3039079
3039408
3039737
3040066
3040395
3040724
3041052
3041381
3041710
3042039
3042367
3042696
3043025
3043353
3043682
3044011
3044339
3044667
3044996
3045324
3045653
3045981
3046309
3046637
3046966
3047294
3047622
3047950
3048278
3048606
3048934
3049262
3049590
3049918
3050246
3050574
3050902
3051229
3051557
3051885
3052212
3052540
3052868
3053195
3053523
3053850
3054177
3054505
3054832
3055160
3055487
3055814
3056141
3056469
3056796
3057123
3057450
3057777
3058104
3058431
3058758
3059085
3059412
3059739
3060065
3060392
3060719
3061046
3061372
3061699
3062025
3062352
3062679
3063005
3063332
3063658
3063984
3064311
3064637
3064963
3065290
3065616
3065942
3066268
3066594
3066920
3067246
3067572
3067898
3068224
3068550
3068876
3069202
3069528
3069853
3070179
3070505
3070831
3071156
3071482
3071807
3072133
3072458
3072784
3073109
3073435
3073760
3074085
3074411
3074736
3075061
3075386
3075711
3076036
3076361
3076687
3077012
3077337
3077661
3077986
3078311
3078636
3078961
3079286
3079610
3079935
3080260
3080584
3080909
3081234
3081558
3081883
3082207
3082531
3082856
3083180
3083504
3083829
3084153
3084477
3084801
3085126
3085450
3085774
3086098
3086422
3086746
3087070
3087394
3087718
3088041
3088365
3088689
3089013
3089336
3089660
3089984
3090307
3090631
3090955
3091278
3091602
3091925
3092248
3092572
3092895
3093218
3093542
3093865
3094188
3094511
3094834
3095158
3095481
3095804
3096127
3096450
3096773
3097095
3097418
3097741
3098064
3098387
3098709
3099032
3099355
3099677
3100000
3100323
3100645
3100968
3101290
3101612
3101935
3102257
3102580
3102902
3103224
3103546
3103869
3104191
3104513
3104835
3105157
3105479
3105801
3106123
3106445
3106767
3107089
3107410
3107732
3108054
3108376
3108697
3109019
3109341
3109662
3109984
3110305
3110627
3110948
3111270
3111591
3111913
3112234
3112555
3112876
3113198
3113519
3113840
3114161
3114482
3114803
3115124
3115445
3115766
3116087
3116408
3116729
3117050
3117371
3117691
3118012
3118333
3118654
3118974
3119295
3119615
3119936
3120256
3120577
3120897
3121218
3121538
3121858
3122179
3122499
3122819
3123139
3123460
3123780
3124100
3124420
3124740
3125060
3125380
3125700
3126020
3126340
3126660
3126979
3127299
3127619
3127939
3128258
3128578
3128898
3129217
3129537
3129856
3130176
3130495
3130815
3131134
3131453
3131773
3132092
3132411
3132730
3133050
3133369
3133688
3134007
3134326
3134645
3134964
3135283
3135602
3135921
3136240
3136559
3136877
3137196
3137515
3137834
3138152
3138471
3138790
3139108
3139427
3139745
3140064
3140382
3140701
3141019
3141337
3141656
3141974
3142292
3142610
3142929
3143247
3143565
3143883
3144201
3144519
3144837
3145155
3145473
3145791
3146109
3146427
3146744
3147062
3147380
3147698
3148015
3148333
3148651
3148968
3149286
3149603
3149921
3150238
3150556
3150873
3151190
3151508
3151825
3152142
3152459
3152777
3153094
3153411
3153728
3154045
3154362
3154679
3154996
3155313
3155630
3155947
3156264
3156580
3156897
3157214
3157531
3157847
3158164
3158481
3158797
3159114
3159430
3159747
3160063
3160380
3160696
3161012
3161329
3161645
3161961
3162278
3162594
3162910
3163226
3163542
3163858
3164174
3164490
3164806
3165122
3165438
3165754
3166070
3166386
3166702
3167018
3167333
3167649
3167965
3168280
3168596
3168911
3169227
3169543
3169858
3170173
3170489
3170804
3171120
3171435
3171750
3172066
3172381
3172696
3173011
3173326
3173641
3173957
3174272
3174587
3174902
3175217
3175531
3175846
3176161
3176476
3176791
3177106
3177420
3177735
3178050
3178364
3178679
3178994
3179308
3179623
3179937
3180252
3180566
3180880
3181195
3181509
3181823
3182138
3182452
3182766
3183080
3183394
3183709
3184023
3184337
3184651
3184965
3185279
3185593
3185906
3186220
3186534
3186848
3187162
3187475
3187789
3188103
3188417
3188730
3189044
3189357
3189671
3189984
3190298
3190611
3190925
3191238
3191551
3191865
3192178
3192491
3192804
3193118
3193431
3193744
3194057
3194370
3194683
3194996
3195309
3195622
3195935
3196248
3196561
3196873
3197186
3197499
3197812
3198124
3198437
3198750
3199062
3199375
3199687
3200000
3200312
3200625
3200937
3201250
3201562
3201874
3202187
3202499
3202811
3203123
3203436
3203748
3204060
3204372
3204684
3204996
3205308
3205620
3205932
3206244
3206556
3206868
3207179
3207491
3207803
3208115
3208426
3208738
3209050
3209361
3209673
3209984
3210296
3210607
3210919
3211230
3211542
3211853
3212164
3212476
3212787
3213098
3213409
3213721
3214032
3214343
3214654
3214965
3215276
3215587
3215898
3216209
3216520
3216831
3217142
3217452
3217763
3218074
3218385
3218695
3219006
3219317
3219627
3219938
3220248
3220559
3220869
3221180
3221490
3221801
3222111
3222421
3222732
3223042
3223352
3223663
3223973
3224283
3224593
3224903
3225213
3225523
3225833
3226143
3226453
3226763
3227073
3227383
3227693
3228002
3228312
3228622
3228932
3229241
3229551
3229861
3230170
3230480
3230789
3231099
3231408
3231718
3232027
3232337
3232646
3232955
3233265
3233574
3233883
3234192
3234502
3234811
3235120
3235429
3235738
3236047
3236356
3236665
3236974
3237283
3237592
3237901
3238209
3238518
3238827
3239136
3239444
3239753
3240062
3240370
3240679
3240988
3241296
3241605
3241913
3242221
3242530
3242838
3243147
3243455
3243763
3244072
3244380
3244688
3244996
3245304
3245612
3245921
3246229
3246537
3246845
3247153
3247461
3247768
3248076
3248384
3248692
3249000
3249308
3249615
3249923
3250231
3250538
3250846
3251154
3251461
3251769
3252076
3252384
3252691
3252999
3253306
3253613
3253921
3254228
3254535
3254843
3255150
3255457
3255764
3256071
3256378
3256685
3256992
3257299
3257606
3257913
3258220
3258527
3258834
3259141
3259448
3259755
3260061
3260368
3260675
3260981
3261288
3261595
3261901
3262208
3262514
3262821
3263127
3263434
3263740
3264047
3264353
3264659
3264966
3265272
3265578
3265884
3266190
3266497
3266803
3267109
3267415
3267721
3268027
3268333
3268639
3268945
3269251
3269557
3269862
3270168
3270474
3270780
3271085
3271391
3271697
3272002
3272308
3272614
3272919
3273225
3273530
3273836
3274141
3274447
3274752
3275057
3275363
3275668
3275973
3276278
3276584
3276889
3277194
3277499
3277804
3278109
3278414
3278719
3279024
3279329
3279634
3279939
3280244
3280549
3280854
3281158
3281463
3281768
3282073
3282377
3282682
3282986
3283291
3283596
3283900
3284205
3284509
3284814
3285118
3285422
3285727
3286031
3286335
3286640
3286944
3287248
3287552
3287856
3288161
3288465
3288769
3289073
3289377
3289681
3289985
3290289
3290593
3290897
3291200
3291504
3291808
3292112
3292416
3292719
3293023
3293327
3293630
3293934
3294237
3294541
3294844
3295148
3295451
3295755
3296058
3296362
3296665
3296968
3297272
3297575
3297878
3298181
3298485
3298788
3299091
3299394
3299697
3300000
3300303
3300606
3300909
3301212
3301515
3301818
3302121
3302423
3302726
3303029
3303332
3303634
3303937
3304240
3304542
3304845
3305148
3305450
3305753
3306055
3306358
3306660
3306962
3307265
3307567
3307869
3308172
3308474
3308776
3309078
3309381
3309683
3309985
3310287
3310589
3310891
3311193
3311495
3311797
3312099
3312401
3312703
3313005
3313307
3313608
3313910
3314212
3314514
3314815
3315117
3315419
3315720
3316022
3316323
3316625
3316926
3317228
3317529
3317831
3318132
3318433
3318735
3319036
3319337
3319639
3319940
3320241
3320542
3320843
3321144
3321445
3321747
3322048
3322349
3322650
3322950
3323251
3323552
3323853
3324154
3324455
3324756
3325056
3325357
3325658
3325959
3326259
3326560
3326860
3327161
3327461
3327762
3328062
3328363
3328663
3328964
3329264
3329565
3329865
3330165
3330465
3330766
3331066
3331366
3331666
3331966
3332266
3332567
3332867
3333167
3333467
3333767
3334067
3334367
3334666
3334966
3335266
3335566
3335866
3336165
3336465
3336765
3337065
3337364
3337664
3337963
3338263
3338563
3338862
3339162
3339461
3339760
3340060
3340359
3340659
3340958
3341257
3341557
3341856
3342155
3342454
3342753
3343052
3343352
3343651
3343950
3344249
3344548
3344847
3345146
3345445
3345744
3346042
3346341
3346640
3346939
3347238
3347536
3347835
3348134
3348432
3348731
3349030
3349328
3349627
3349925
3350224
3350522
3350821
3351119
3351418
3351716
3352014
3352313
3352611
3352909
3353207
3353506
3353804
3354102
3354400
3354698
3354996
3355294
3355592
3355890
3356188
3356486
3356784
3357082
3357380
3357678
3357976
3358273
3358571
3358869
3359167
3359464
3359762
3360060
3360357
3360655
3360952
3361250
3361547
3361845
3362142
3362440
3362737
3363034
3363332
3363629
3363926
3364224
3364521
3364818
3365115
3365412
3365709
3366007
3366304
3366601
3366898
3367195
3367492
3367789
3368086
3368382
3368679
3368976
3369273
3369570
3369866
3370163
3370460
3370757
3371053
3371350
3371646
3371943
3372240
3372536
3372833
3373129
3373426
3373722
3374018
3374315
3374611
3374907
3375204
3375500
3375796
3376092
3376389
3376685
3376981
3377277
3377573
3377869
3378165
3378461
3378757
3379053
3379349
3379645
3379941
3380237
3380533
3380828
3381124
3381420
3381716
3382011
3382307
3382603
3382898
3383194
3383489
3383785
3384080
3384376
3384671
3384967
3385262
3385558
3385853
3386148
3386444
3386739
3387034
3387329
3387625
3387920
3388215
3388510
3388805
3389100
3389395
3389690
3389985
3390280
3390575
3390870
3391165
3391460
3391755
3392050
3392344
3392639
3392934
3393229
3393523
3393818
3394113
3394407
3394702
3394996
3395291
3395585
3395880
3396174
3396469
3396763
3397058
3397352
3397646
3397941
3398235
3398529
3398823
3399118
3399412
3399706
3400000
3400294
3400588
3400882
3401176
3401470
3401764
3402058
3402352
3402646
3402940
3403234
3403528
3403821
3404115
3404409
3404703
3404996
3405290
3405584
3405877
3406171
3406464
3406758
3407052
3407345
3407638
3407932
3408225
3408519
3408812
3409105
3409399
3409692
3409985
3410279
3410572
3410865
3411158
3411451
3411744
3412038
3412331
3412624
3412917
3413210
3413503
3413796
3414088
3414381
3414674
3414967
3415260
3415553
3415845
3416138
3416431
3416724
3417016
3417309
3417601
3417894
3418187
3418479
3418772
3419064
3419357
3419649
3419942
3420234
3420526
3420819
3421111
3421403
3421695
3421988
3422280
3422572
3422864
3423156
3423449
3423741
3424033
3424325
3424617
3424909
3425201
3425493
3425785
3426076
3426368
3426660
3426952
3427244
3427536
3427827
3428119
3428411
3428702
3428994
3429286
3429577
3429869
3430160
3430452
3430743
3431035
3431326
3431618
3431909
3432200
3432492
3432783
3433074
3433366
3433657
3433948
3434239
3434531
3434822
3435113
3435404
3435695
3435986
3436277
3436568
3436859
3437150
3437441
3437732
3438023
3438314
3438604
3438895
3439186
3439477
3439767
3440058
3440349
3440639
3440930
3441221
3441511
3441802
3442092
3442383
3442673
3442964
3443254
3443545
3443835
3444125
3444416
3444706
3444996
3445287
3445577
3445867
3446157
3446447
3446738
3447028
3447318
3447608
3447898
3448188
3448478
3448768
3449058
3449348
3449638
3449928
3450217
3450507
3450797
3451087
3451377
3451666
3451956
3452246
3452535
3452825
3453115
3453404
3453694
3453983
3454273
3454562
3454852
3455141
3455431
3455720
3456009
3456299
3456588
3456877
3457166
3457456
3457745
3458034
3458323
3458612
3458902
3459191
3459480
3459769
3460058
3460347
3460636
3460925
3461214
3461503
3461791
3462080
3462369
3462658
3462947
3463235
3463524
3463813
3464102
3464390
3464679
3464968
3465256
3465545
3465833
3466122
3466410
3466699
3466987
3467276
3467564
3467852
3468141
3468429
3468717
3469006
3469294
3469582
3469870
3470158
3470447
3470735
3471023
3471311
3471599
3471887
3472175
3472463
3472751
3473039
3473327
3473615
3473903
3474191
3474478
3474766
3475054
3475342
3475629
3475917
3476205
3476492
3476780
3477068
3477355
3477643
3477930
3478218
3478505
3478793
3479080
3479368
3479655
3479943
3480230
3480517
3480805
3481092
3481379
3481666
3481953
3482241
3482528
3482815
3483102
3483389
3483676
3483963
3484250
3484537
3484824
3485111
3485398
3485685
3485972
3486259
3486546
3486832
3487119
3487406
3487693
3487979
3488266
3488553
3488839
3489126
3489413
3489699
3489986
3490272
3490559
3490845
3491132
3491418
3491704
3491991
3492277
3492564
3492850
3493136
3493422
3493709
3493995
3494281
3494567
3494853
3495139
3495426
3495712
3495998
3496284
3496570
3496856
3497142
3497428
3497714
3497999
3498285
3498571
3498857
3499143
3499429
3499714
3500000
3500286
3500571
3500857
3501143
3501428
3501714
3501999
3502285
3502570
3502856
3503141
3503427
3503712
3503998
3504283
3504568
3504854
3505139
3505424
3505710
3505995
3506280
3506565
3506850
3507136
3507421
3507706
3507991
3508276
3508561
3508846
3509131
3509416
3509701
3509986
3510271
3510556
3510840
3511125
3511410
3511695
3511979
3512264
3512549
3512834
3513118
3513403
3513688
3513972
3514257
3514541
3514826
3515110
3515395
3515679
3515964
3516248
3516532
3516817
3517101
3517385
3517670
3517954
3518238
3518522
3518807
3519091
3519375
3519659
3519943
3520227
3520511
3520795
3521079
3521363
3521647
3521931
3522215
3522499
3522783
3523067
3523351
3523634
3523918
3524202
3524486
3524769
3525053
3525337
3525621
3525904
3526188
3526471
3526755
3527038
3527322
3527605
3527889
3528172
3528456
3528739
3529023
3529306
3529589
3529873
3530156
3530439
3530722
3531006
3531289
3531572
3531855
3532138
3532421
3532704
3532987
3533270
3533553
3533836
3534119
3534402
3534685
3534968
3535251
3535534
3535817
3536100
3536382
3536665
3536948
3537231
3537513
3537796
3538079
3538361
3538644
3538926
3539209
3539491
3539774
3540056
3540339
3540621
3540904
3541186
3541469
3541751
3542033
3542316
3542598
3542880
3543162
3543445
3543727
3544009
3544291
3544573
3544855
3545138
3545420
3545702
3545984
3546266
3546548
3546830
3547112
3547393
3547675
3547957
3548239
3548521
3548803
3549084
3549366
3549648
3549930
3550211
3550493
3550775
3551056
3551338
3551619
3551901
3552182
3552464
3552745
3553027
3553308
3553590
3553871
3554153
3554434
3554715
3554996
3555278
3555559
3555840
3556121
3556403
3556684
3556965
3557246
3557527
3557808
3558089
3558370
3558651
3558932
3559213
3559494
3559775
3560056
3560337
3560618
3560899
3561180
3561460
3561741
3562022
3562303
3562583
3562864
3563145
3563425
3563706
3563987
3564267
3564548
3564828
3565109
3565389
3565670
3565950
3566231
3566511
3566791
3567072
3567352
3567632
3567913
3568193
3568473
3568753
3569033
3569314
3569594
3569874
3570154
3570434
3570714
3570994
3571274
3571554
3571834
3572114
3572394
3572674
3572954
3573234
3573514
3573794
3574073
3574353
3574633
3574913
3575192
3575472
3575752
3576031
3576311
3576591
3576870
3577150
3577429
3577709
3577988
3578268
3578547
3578827
3579106
3579385
3579665
3579944
3580223
3580503
3580782
3581061
3581341
3581620
3581899
3582178
3582457
3582736
3583015
3583295
3583574
3583853
3584132
3584411
3584690
3584969
3585248
3585526
3585805
3586084
3586363
3586642
3586921
3587199
3587478
3587757
3588036
3588314
3588593
3588872
3589150
3589429
3589708
3589986
3590265
3590543
3590822
3591100
3591379
3591657
3591935
3592214
3592492
3592771
3593049
3593327
3593605
3593884
3594162
3594440
3594718
3594997
3595275
3595553
3595831
3596109
3596387
3596665
3596943
3597221
3597499
3597777
3598055
3598333
3598611
3598889
3599167
3599444
3599722
3600000
3600278
3600556
3600833
3601111
3601389
3601666
3601944
3602222
3602499
3602777
3603054
3603332
3603609
3603887
3604164
3604442
3604719
3604997
3605274
3605551
3605829
3606106
3606383
3606661
3606938
3607215
3607492
3607769
3608047
3608324
3608601
3608878
3609155
3609432
3609709
3609986
3610263
3610540
3610817
3611094
3611371
3611648
3611925
3612202
3612478
3612755
3613032
3613309
3613585
3613862
3614139
3614416
3614692
3614969
3615245
3615522
3615799
3616075
3616352
3616628
3616905
3617181
3617458
3617734
3618011
3618287
3618563
3618840
3619116
3619392
3619668
3619945
3620221
3620497
3620773
3621050
3621326
3621602
3621878
3622154
3622430
3622706
3622982
3623258
3623534
3623810
3624086
3624362
3624638
3624914
3625190
3625465
3625741
3626017
3626293
3626569
3626844
3627120
3627396
3627671
3627947
3628223
3628498
3628774
3629049
3629325
3629601
3629876
3630152
3630427
3630702
3630978
3631253
3631529
3631804
3632079
3632355
3632630
3632905
3633180
3633456
3633731
3634006
3634281
3634556
3634831
3635107
3635382
3635657
3635932
3636207
3636482
3636757
3637032
3637307
3637582
3637857
3638131
3638406
3638681
3638956
3639231
3639505
3639780
3640055
3640330
3640604
3640879
3641154
3641428
3641703
3641977
3642252
3642527
3642801
3643076
3643350
3643625
3643899
3644173
3644448
3644722
3644997
3645271
3645545
3645820
3646094
3646368
3646642
3646917
3647191
3647465
3647739
3648013
3648287
3648561
3648835
3649109
3649384
3649658
3649932
3650205
3650479
3650753
3651027
3651301
3651575
3651849
3652123
3652396
3652670
3652944
3653218
3653491
3653765
3654039
3654313
3654586
3654860
3655133
3655407
3655681
3655954
3656228
3656501
3656775
3657048
3657321
3657595
3657868
3658142
3658415
3658688
3658962
3659235
3659508
3659781
3660055
3660328
3660601
3660874
3661147
3661420
3661694
3661967
3662240
3662513
3662786
3663059
3663332
3663605
3663878
3664151
3664424
3664696
3664969
3665242
3665515
3665788
3666061
3666333
3666606
3666879
3667151
3667424
3667697
3667969
3668242
3668515
3668787
3669060
3669332
3669605
3669877
3670150
3670422
3670695
3670967
3671240
3671512
3671784
3672057
3672329
3672601
3672874
3673146
3673418
3673690
3673962
3674235
3674507
3674779
3675051
3675323
3675595
3675867
3676139
3676411
3676683
3676955
3677227
3677499
3677771
3678043
3678315
3678587
3678859
3679130
3679402
3679674
3679946
3680217
3680489
3680761
3681032
3681304
3681576
3681847
3682119
3682391
3682662
3682934
3683205
3683477
3683748
3684020
3684291
3684562
3684834
3685105
3685377
3685648
3685919
3686190
3686462
3686733
3687004
3687275
3687547
3687818
3688089
3688360
3688631
3688902
3689173
3689444
3689715
3689986
3690257
3690528
3690799
3691070
3691341
3691612
3691883
3692154
3692425
3692695
3692966
3693237
3693508
3693779
3694049
3694320
3694591
3694861
3695132
3695403
3695673
3695944
3696214
3696485
3696755
3697026
3697296
3697567
3697837
3698108
3698378
3698648
3698919
3699189
3699459
3699730
3700000
3700270
3700541
3700811
3701081
3701351
3701621
3701891
3702162
3702432
3702702
3702972
3703242
3703512
3703782
3704052
3704322
3704592
3704862
3705132
3705401
3705671
3705941
3706211
3706481
3706751
3707020
3707290
3707560
3707830
3708099
3708369
3708639
3708908
3709178
3709447
3709717
3709987
3710256
3710526
3710795
3711065
3711334
3711603
3711873
3712142
3712412
3712681
3712950
3713220
3713489
3713758
3714027
3714297
3714566
3714835
3715104
3715373
3715643
3715912
3716181
3716450
3716719
3716988
3717257
3717526
3717795
3718064
3718333
3718602
3718871
3719140
3719409
3719677
3719946
3720215
3720484
3720753
3721021
3721290
3721559
3721828
3722096
3722365
3722633
3722902
3723171
3723439
3723708
3723976
3724245
3724513
3724782
3725050
3725319
3725587
3725856
3726124
3726392
3726661
3726929
3727197
3727466
3727734
3728002
3728270
3728539
3728807
3729075
3729343
3729611
3729879
3730147
3730416
3730684
3730952
3731220
3731488
3731756
3732024
3732292
3732559
3732827
3733095
3733363
3733631
3733899
3734167
3734434
3734702
3734970
3735238
3735505
3735773
3736041
3736308
3736576
3736844
3737111
3737379
3737646
3737914
3738181
3738449
3738716
3738984
3739251
3739519
3739786
3740053
3740321
3740588
3740856
3741123
3741390
3741657
3741925
3742192
3742459
3742726
3742993
3743261
3743528
3743795
3744062
3744329
3744596
3744863
3745130
3745397
3745664
3745931
3746198
3746465
3746732
3746999
3747266
3747533
3747799
3748066
3748333
3748600
3748866
3749133
3749400
3749667
3749933
3750200
3750467
3750733
3751000
3751266
3751533
3751800
3752066
3752333
3752599
3752866
3753132
3753398
3753665
3753931
3754198
3754464
3754730
3754997
3755263
3755529
3755796
3756062
3756328
3756594
3756860
3757127
3757393
3757659
3757925
3758191
3758457
3758723
3758989
3759255
3759521
3759787
3760053
3760319
3760585
3760851
3761117
3761383
3761649
3761914
3762180
3762446
3762712
3762978
3763243
3763509
3763775
3764040
3764306
3764572
3764837
3765103
3765369
3765634
3765900
3766165
3766431
3766696
3766962
3767227
3767493
3767758
3768023
3768289
3768554
3768819
3769085
3769350
3769615
3769881
3770146
3770411
3770676
3770942
3771207
3771472
3771737
3772002
3772267
3772532
3772797
3773062
3773327
3773592
3773857
3774122
3774387
3774652
3774917
3775182
3775447
3775712
3775977
3776242
3776506
3776771
3777036
3777301
3777565
3777830
3778095
3778359
3778624
3778889
3779153
3779418
3779683
3779947
3780212
3780476
3780741
3781005
3781270
3781534
3781799
3782063
3782327
3782592
3782856
3783120
3783385
3783649
3783913
3784178
3784442
3784706
3784970
3785234
3785499
3785763
3786027
3786291
3786555
3786819
3787083
3787347
3787611
3787875
3788139
3788403
3788667
3788931
3789195
3789459
3789723
3789987
3790251
3790514
3790778
3791042
3791306
3791570
3791833
3792097
3792361
3792624
3792888
3793152
3793415
3793679
3793943
3794206
3794470
3794733
3794997
3795260
3795524
3795787
3796051
3796314
3796577
3796841
3797104
3797368
3797631
3797894
3798157
3798421
3798684
3798947
3799210
3799474
3799737
3800000
3800263
3800526
3800789
3801052
3801316
3801579
3801842
3802105
3802368
3802631
3802894
3803157
3803420
3803682
3803945
3804208
3804471
3804734
3804997
3805260
3805522
3805785
3806048
3806311
3806573
3806836
3807099
3807361
3807624
3807887
3808149
3808412
3808674
3808937
3809199
3809462
3809724
3809987
3810249
3810512
3810774
3811037
3811299
3811561
3811824
3812086
3812348
3812611
3812873
3813135
3813397
3813660
3813922
3814184
3814446
3814708
3814971
3815233
3815495
3815757
3816019
3816281
3816543
3816805
3817067
3817329
3817591
3817853
3818115
3818377
3818639
3818900
3819162
3819424
3819686
3819948
3820209
3820471
3820733
3820995
3821256
3821518
3821780
3822041
3822303
3822565
3822826
3823088
3823349
3823611
3823872
3824134
3824395
3824657
3824918
3825180
3825441
3825703
3825964
3826225
3826487
3826748
3827009
3827271
3827532
3827793
3828054
3828316
3828577
3828838
3829099
3829360
3829621
3829883
3830144
3830405
3830666
3830927
3831188
3831449
3831710
3831971
3832232
3832493
3832754
3833014
3833275
3833536
3833797
3834058
3834319
3834580
3834840
3835101
3835362
3835623
3835883
3836144
3836405
3836665
3836926
3837186
3837447
3837708
3837968
3838229
3838489
3838750
3839010
3839271
3839531
3839792
3840052
3840312
3840573
3840833
3841094
3841354
3841614
3841875
3842135
3842395
3842655
3842916
3843176
3843436
3843696
3843956
3844216
3844477
3844737
3844997
3845257
3845517
3845777
3846037
3846297
3846557
3846817
3847077
3847337
3847597
3847857
3848116
3848376
3848636
3848896
3849156
3849416
3849675
3849935
3850195
3850455
3850714
3850974
3851234
3851493
3851753
3852012
3852272
3852532
3852791
3853051
3853310
3853570
3853829
3854089
3854348
3854608
3854867
3855126
3855386
3855645
3855905
3856164
3856423
3856683
3856942
3857201
3857460
3857720
3857979
3858238
3858497
3858756
3859015
3859275
3859534
3859793
3860052
3860311
3860570
3860829
3861088
3861347
3861606
3861865
3862124
3862383
3862642
3862900
3863159
3863418
3863677
3863936
3864195
3864453
3864712
3864971
3865230
3865488
3865747
3866006
3866264
3866523
3866782
3867040
3867299
3867557
3867816
3868074
3868333
3868591
3868850
3869108
3869367
3869625
3869884
3870142
3870400
3870659
3870917
3871176
3871434
3871692
3871950
3872209
3872467
3872725
3872983
3873242
3873500
3873758
3874016
3874274
3874532
3874790
3875048
3875306
3875564
3875822
3876080
3876338
3876596
3876854
3877112
3877370
3877628
3877886
3878144
3878402
3878660
3878917
3879175
3879433
3879691
3879948
3880206
3880464
3880722
3880979
3881237
3881495
3881752
3882010
3882267
3882525
3882783
3883040
3883298
3883555
3883813
3884070
3884327
3884585
3884842
3885100
3885357
3885614
3885872
3886129
3886386
3886644
3886901
3887158
3887416
3887673
3887930
3888187
3888444
3888702
3888959
3889216
3889473
3889730
3889987
3890244
3890501
3890758
3891015
3891272
3891529
3891786
3892043
3892300
3892557
3892814
3893071
3893328
3893584
3893841
3894098
3894355
3894612
3894868
3895125
3895382
3895639
3895895
3896152
3896409
3896665
3896922
3897178
3897435
3897692
3897948
3898205
3898461
3898718
3898974
3899231
3899487
3899744
3900000
3900256
3900513
3900769
3901026
3901282
3901538
3901794
3902051
3902307
3902563
3902819
3903076
3903332
3903588
3903844
3904100
3904357
3904613
3904869
3905125
3905381
3905637
3905893
3906149
3906405
3906661
3906917
3907173
3907429
3907685
3907941
3908197
3908452
3908708
3908964
3909220
3909476
3909731
3909987
3910243
3910499
3910754
3911010
3911266
3911521
3911777
3912033
3912288
3912544
3912800
3913055
3913311
3913566
3913822
3914077
3914333
3914588
3914844
3915099
3915354
3915610
3915865
3916121
3916376
3916631
3916887
3917142
3917397
3917652
3917908
3918163
3918418
3918673
3918928
3919184
3919439
3919694
3919949
3920204
3920459
3920714
3920969
3921224
3921479
3921734
3921989
3922244
3922499
3922754
3923009
3923264
3923519
3923774
3924029
3924283
3924538
3924793
3925048
3925303
3925557
3925812
3926067
3926321
3926576
3926831
3927085
3927340
3927595
3927849
3928104
3928358
3928613
3928868
3929122
3929377
3929631
3929885
3930140
3930394
3930649
3930903
3931158
3931412
3931666
3931921
3932175
3932429
3932684
3932938
3933192
3933446
3933701
3933955
3934209
3934463
3934717
3934971
3935226
3935480
3935734
3935988
3936242
3936496
3936750
3937004
3937258
3937512
3937766
3938020
3938274
3938528
3938782
3939035
3939289
3939543
3939797
3940051
3940305
3940558
3940812
3941066
3941320
3941573
3941827
3942081
3942334
3942588
3942842
3943095
3943349
3943602
3943856
3944110
3944363
3944617
3944870
3945124
3945377
3945630
3945884
3946137
3946391
3946644
3946898
3947151
3947404
3947658
3947911
3948164
3948417
3948671
3948924
3949177
3949430
3949684
3949937
3950190
3950443
3950696
3950949
3951202
3951455
3951708
3951962
3952215
3952468
3952721
3952974
3953227
3953479
3953732
3953985
3954238
3954491
3954744
3954997
3955250
3955502
3955755
3956008
3956261
3956514
3956766
3957019
3957272
3957524
3957777
3958030
3958282
3958535
3958788
3959040
3959293
3959545
3959798
3960051
3960303
3960556
3960808
3961060
3961313
3961565
3961818
3962070
3962323
3962575
3962827
3963080
3963332
3963584
3963837
3964089
3964341
3964593
3964846
3965098
3965350
3965602
3965854
3966106
3966359
3966611
3966863
3967115
3967367
3967619
3967871
3968123
3968375
3968627
3968879
3969131
3969383
3969635
3969887
3970139
3970390
3970642
3970894
3971146
3971398
3971650
3971901
3972153
3972405
3972657
3972908
3973160
3973412
3973663
3973915
3974167
3974418
3974670
3974921
3975173
3975425
3975676
3975928
3976179
3976431
3976682
3976933
3977185
3977436
3977688
3977939
3978191
3978442
3978693
3978945
3979196
3979447
3979698
3979950
3980201
3980452
3980703
3980955
3981206
3981457
3981708
3981959
3982210
3982462
3982713
3982964
3983215
3983466
3983717
3983968
3984219
3984470
3984721
3984972
3985223
3985474
3985725
3985975
3986226
3986477
3986728
3986979
3987230
3987480
3987731
3987982
3988233
3988483
3988734
3988985
3989236
3989486
3989737
3989987
3990238
3990489
3990739
3990990
3991240
3991491
3991741
3991992
3992242
3992493
3992743
3992994
3993244
3993495
3993745
3993995
3994246
3994496
3994747
3994997
3995247
3995497
3995748
3995998
3996248
3996498
3996749
3996999
3997249
3997499
3997749
3997999
3998250
3998500
3998750
3999000
3999250
3999500
3999750
4000000
4000250
4000500
4000750
4001000
4001250
4001500
4001750
4002000
4002249
4002499
4002749
4002999
4003249
4003498
4003748
4003998
4004248
4004497
4004747
4004997
4005247
4005496
4005746
4005996
4006245
4006495
4006744
4006994
4007243
4007493
4007743
4007992
4008242
4008491
4008740
4008990
4009239
4009489
4009738
4009988
4010237
4010486
4010736
4010985
4011234
4011484
4011733
4011982
4012231
4012481
4012730
4012979
4013228
4013477
4013726
4013976
4014225
4014474
4014723
4014972
4015221
4015470
4015719
4015968
4016217
4016466
4016715
4016964
4017213
4017462
4017711
4017960
4018209
4018457
4018706
4018955
4019204
4019453
4019701
4019950
4020199
4020448
4020696
4020945
4021194
4021443
4021691
4021940
4022188
4022437
4022686
4022934
4023183
4023431
4023680
4023928
4024177
4024425
4024674
4024922
4025171
4025419
4025668
4025916
4026164
4026413
4026661
4026909
4027158
4027406
4027654
4027903
4028151
4028399
4028647
4028896
4029144
4029392
4029640
4029888
4030136
4030385
4030633
4030881
4031129
4031377
4031625
4031873
4032121
4032369
4032617
4032865
4033113
4033361
4033609
4033857
4034105
4034352
4034600
4034848
4035096
4035344
4035592
4035839
4036087
4036335
4036583
4036830
4037078
4037326
4037574
4037821
4038069
4038316
4038564
4038812
4039059
4039307
4039554
4039802
4040050
4040297
4040545
4040792
4041039
4041287
4041534
4041782
4042029
4042277
4042524
4042771
4043019
4043266
4043513
4043761
4044008
4044255
4044502
4044750
4044997
4045244
4045491
4045738
4045986
4046233
4046480
4046727
4046974
4047221
4047468
4047715
4047962
4048209
4048456
4048703
4048950
4049197
4049444
4049691
4049938
4050185
4050432
4050679
4050926
4051173
4051420
4051666
4051913
4052160
4052407
4052653
4052900
4053147
4053394
4053640
4053887
4054134
4054380
4054627
4054874
4055120
4055367
4055613
4055860
4056107
4056353
4056600
4056846
4057093
4057339
4057585
4057832
4058078
4058325
4058571
4058818
4059064
4059310
4059557
4059803
4060049
4060296
4060542
4060788
4061034
4061281
4061527
4061773
4062019
4062265
4062512
4062758
4063004
4063250
4063496
4063742
4063988
4064234
4064480
4064726
4064972
4065218
4065464
4065710
4065956
4066202
4066448
4066694
4066940
4067186
4067432
4067677
4067923
4068169
4068415
4068661
4068906
4069152
4069398
4069644
4069889
4070135
4070381
4070626
4070872
4071118
4071363
4071609
4071855
4072100
4072346
4072591
4072837
4073082
4073328
4073573
4073819
4074064
4074310
4074555
4074801
4075046
4075291
4075537
4075782
4076027
4076273
4076518
4076763
4077009
4077254
4077499
4077744
4077990
4078235
4078480
4078725
4078970
4079216
4079461
4079706
4079951
4080196
4080441
4080686
4080931
4081176
4081421
4081666
4081911
4082156
4082401
4082646
4082891
4083136
4083381
4083626
4083871
4084116
4084360
4084605
4084850
4085095
4085340
4085584
4085829
4086074
4086319
4086563
4086808
4087053
4087297
4087542
4087787
4088031
4088276
4088521
4088765
4089010
4089254
4089499
4089743
4089988
4090232
4090477
4090721
4090966
4091210
4091455
4091699
4091943
4092188
4092432
4092676
4092921
4093165
4093409
4093654
4093898
4094142
4094386
4094631
4094875
4095119
4095363
4095607
4095852
4096096
4096340
4096584
4096828
4097072
4097316
4097560
4097804
4098048
4098292
4098536
4098780
4099024
4099268
4099512
4099756
4100000
4100244
4100488
4100732
4100975
4101219
4101463
4101707
4101951
4102195
4102438
4102682
4102926
4103170
4103413
4103657
4103901
4104144
4104388
4104632
4104875
4105119
4105362
4105606
4105849
4106093
4106337
4106580
4106824
4107067
4107311
4107554
4107797
4108041
4108284
4108528
4108771
4109014
4109258
4109501
4109745
4109988
4110231
4110474
4110718
4110961
4111204
4111447
4111691
4111934
4112177
4112420
4112663
4112907
4113150
4113393
4113636
4113879
4114122
4114365
4114608
4114851
4115094
4115337
4115580
4115823
4116066
4116309
4116552
4116795
4117038
4117281
4117524
4117766
4118009
4118252
4118495
4118738
4118980
4119223
4119466
4119709
4119951
4120194
4120437
4120680
4120922
4121165
4121408
4121650
4121893
4122135
4122378
4122621
4122863
4123106
4123348
4123591
4123833
4124076
4124318
4124561
4124803
4125045
4125288
4125530
4125773
4126015
4126257
4126500
4126742
4126984
4127227
4127469
4127711
4127953
4128196
4128438
4128680
4128922
4129165
4129407
4129649
4129891
4130133
4130375
4130617
4130859
4131102
4131344
4131586
4131828
4132070
4132312
4132554
4132796
4133038
4133280
4133522
4133763
4134005
4134247
4134489
4134731
4134973
4135215
4135456
4135698
4135940
4136182
4136424
4136665
4136907
4137149
4137390
4137632
4137874
4138116
4138357
4138599
4138840
4139082
4139324
4139565
4139807
4140048
4140290
4140531
4140773
4141014
4141256
4141497
4141739
4141980
4142222
4142463
4142704
4142946
4143187
4143429
4143670
4143911
4144153
4144394
4144635
4144876
4145118
4145359
4145600
4145841
4146082
4146324
4146565
4146806
4147047
4147288
4147529
4147770
4148012
4148253
4148494
4148735
4148976
4149217
4149458
4149699
4149940
4150181
4150422
4150663
4150904
4151144
4151385
4151626
4151867
4152108
4152349
4152590
4152830
4153071
4153312
4153553
4153793
4154034
4154275
4154516
4154756
4154997
4155238
4155478
4155719
4155960
4156200
4156441
4156681
4156922
4157162
4157403
4157644
4157884
4158125
4158365
4158606
4158846
4159086
4159327
4159567
4159808
4160048
4160288
4160529
4160769
4161009
4161250
4161490
4161730
4161971
4162211
4162451
4162691
4162932
4163172
4163412
4163652
4163892
4164133
4164373
4164613
4164853
4165093
4165333
4165573
4165813
4166053
4166293
4166533
4166773
4167013
4167253
4167493
4167733
4167973
4168213
4168453
4168693
4168933
4169173
4169412
4169652
4169892
4170132
4170372
4170611
4170851
4171091
4171331
4171570
4171810
4172050
4172290
4172529
4172769
4173009
4173248
4173488
4173727
4173967
4174207
4174446
4174686
4174925
4175165
4175404
4175644
4175883
4176123
4176362
4176601
4176841
4177080
4177320
4177559
4177798
4178038
4178277
4178516
4178756
4178995
4179234
4179474
4179713
4179952
4180191
4180431
4180670
4180909
4181148
4181387
4181626
4181866
4182105
4182344
4182583
4182822
4183061
4183300
4183539
4183778
4184017
4184256
4184495
4184734
4184973
4185212
4185451
4185690
4185929
4186168
4186407
4186645
4186884
4187123
4187362
4187601
4187840
4188078
4188317
4188556
4188795
4189033
4189272
4189511
4189749
4189988
4190227
4190465
4190704
4190943
4191181
4191420
4191658
4191897
4192135
4192374
4192613
4192851
4193090
4193328
4193567
4193805
4194043
4194282
4194520
4194759
4194997
4195235
4195474
4195712
4195950
4196189
4196427
4196665
4196904
4197142
4197380
4197618
4197857
4198095
4198333
4198571
4198809
4199048
4199286
4199524
4199762
4200000
4200238
4200476
4200714
4200952
4201190
4201428
4201666
4201904
4202142
4202380
4202618
4202856
4203094
4203332
4203570
4203808
4204046
4204284
4204521
4204759
4204997
4205235
4205473
4205710
4205948
4206186
4206424
4206661
4206899
4207137
4207374
4207612
4207850
4208087
4208325
4208563
4208800
4209038
4209275
4209513
4209751
4209988
4210226
4210463
4210701
4210938
4211176
4211413
4211651
4211888
4212125
4212363
4212600
4212838
4213075
4213312
4213550
4213787
4214024
4214262
4214499
4214736
4214973
4215211
4215448
4215685
4215922
4216159
4216397
4216634
4216871
4217108
4217345
4217582
4217819
4218056
4218293
4218531
4218768
4219005
4219242
4219479
4219716
4219953
4220190
4220427
4220663
4220900
4221137
4221374
4221611
4221848
4222085
4222322
4222558
4222795
4223032
4223269
4223506
4223742
4223979
4224216
4224453
4224689
4224926
4225163
4225399
4225636
4225873
4226109
4226346
4226583
4226819
4227056
4227292
4227529
4227765
4228002
4228238
4228475
4228711
4228948
4229184
4229421
4229657
4229894
4230130
4230366
4230603
4230839
4231076
4231312
4231548
4231784
4232021
4232257
4232493
4232730
4232966
4233202
4233438
4233675
4233911
4234147
4234383
4234619
4234855
4235091
4235328
4235564
4235800
4236036
4236272
4236508
4236744
4236980
4237216
4237452
4237688
4237924
4238160
4238396
4238632
4238868
4239104
4239340
4239575
4239811
4240047
4240283
4240519
4240755
4240990
4241226
4241462
4241698
4241934
4242169
4242405
4242641
4242876
4243112
4243348
4243583
4243819
4244055
4244290
4244526
4244761
4244997
4245233
4245468
4245704
4245939
4246175
4246410
4246646
4246881
4247117
4247352
4247588
4247823
4248058
4248294
4248529
4248765
4249000
4249235
4249471
4249706
4249941
4250176
4250412
4250647
4250882
4251118
4251353
4251588
4251823
4252058
4252293
4252529
4252764
4252999
4253234
4253469
4253704
4253939
4254174
4254409
4254645
4254880
4255115
4255350
4255585
4255820
4256055
4256289
4256524
4256759
4256994
4257229
4257464
4257699
4257934
4258169
4258403
4258638
4258873
4259108
4259343
4259577
4259812
4260047
4260282
4260516
4260751
4260986
4261220
4261455
4261690
4261924
4262159
4262394
4262628
4262863
4263097
4263332
4263567
4263801
4264036
4264270
4264505
4264739
4264974
4265208
4265443
4265677
4265911
4266146
4266380
4266615
4266849
4267083
4267318
4267552
4267786
4268021
4268255
4268489
4268723
4268958
4269192
4269426
4269660
4269895
4270129
4270363
4270597
4270831
4271065
4271300
4271534
4271768
4272002
4272236
4272470
4272704
4272938
4273172
4273406
4273640
4273874
4274108
4274342
4274576
4274810
4275044
4275278
4275512
4275746
4275979
4276213
4276447
4276681
4276915
4277149
4277382
4277616
4277850
4278084
4278317
4278551
4278785
4279019
4279252
4279486
4279720
4279953
4280187
4280421
4280654
4280888
4281121
4281355
4281588
4281822
4282056
4282289
4282523
4282756
4282990
4283223
4283457
4283690
4283923
4284157
4284390
4284624
4284857
4285090
4285324
4285557
4285790
4286024
4286257
4286490
4286724
4286957
4287190
4287423
4287657
4287890
4288123
4288356
4288590
4288823
4289056
4289289
4289522
4289755
4289988
4290221
4290455
4290688
4290921
4291154
4291387
4291620
4291853
4292086
4292319
4292552
4292785
4293018
4293251
4293483
4293716
4293949
4294182
4294415
4294648
4294881
4295114
4295346
4295579
4295812
4296045
4296277
4296510
4296743
4296976
4297208
4297441
4297674
4297906
4298139
4298372
4298604
4298837
4299070
4299302
4299535
4299767
4300000
4300233
4300465
4300698
4300930
4301163
4301395
4301628
4301860
4302093
4302325
4302557
4302790
4303022
4303255
4303487
4303719
4303952
4304184
4304416
4304649
4304881
4305113
4305346
4305578
4305810
4306042
4306274
4306507
4306739
4306971
4307203
4307435
4307668
4307900
4308132
4308364
4308596
4308828
4309060
4309292
4309524
4309756
4309988
4310220
4310452
4310684
4310916
4311148
4311380
4311612
4311844
4312076
4312308
4312540
4312772
4313004
4313235
4313467
4313699
4313931
4314163
4314395
4314626
4314858
4315090
4315322
4315553
4315785
4316017
4316248
4316480
4316712
4316943
4317175
4317407
4317638
4317870
4318101
4318333
4318565
4318796
4319028
4319259
4319491
4319722
4319954
4320185
4320417
4320648
4320880
4321111
4321342
4321574
4321805
4322037
4322268
4322499
4322731
4322962
4323193
4323425
4323656
4323887
4324118
4324350
4324581
4324812
4325043
4325275
4325506
4325737
4325968
4326199
4326430
4326662
4326893
4327124
4327355
4327586
4327817
4328048
4328279
4328510
4328741
4328972
4329203
4329434
4329665
4329896
4330127
4330358
4330589
4330820
4331051
4331282
4331512
4331743
4331974
4332205
4332436
4332667
4332897
4333128
4333359
4333590
4333820
4334051
4334282
4334513
4334743
4334974
4335205
4335435
4335666
4335897
4336127
4336358
4336589
4336819
4337050
4337280
4337511
4337741
4337972
4338202
4338433
4338663
4338894
4339124
4339355
4339585
4339816
4340046
4340276
4340507
4340737
4340968
4341198
4341428
4341659
4341889
4342119
4342350
4342580
4342810
4343040
4343271
4343501
4343731
4343961
4344192
4344422
4344652
4344882
4345112
4345342
4345572
4345803
4346033
4346263
4346493
4346723
4346953
4347183
4347413
4347643
4347873
4348103
4348333
4348563
4348793
4349023
4349253
4349483
4349713
4349943
4350172
4350402
4350632
4350862
4351092
4351322
4351551
4351781
4352011
4352241
4352471
4352700
4352930
4353160
4353389
4353619
4353849
4354079
4354308
4354538
4354768
4354997
4355227
4355456
4355686
4355916
4356145
4356375
4356604
4356834
4357063
4357293
4357522
4357752
4357981
4358211
4358440
4358670
4358899
4359128
4359358
4359587
4359817
4360046
4360275
4360505
4360734
4360963
4361192
4361422
4361651
4361880
4362110
4362339
4362568
4362797
4363026
4363256
4363485
4363714
4363943
4364172
4364401
4364631
4364860
4365089
4365318
4365547
4365776
4366005
4366234
4366463
4366692
4366921
4367150
4367379
4367608
4367837
4368066
4368295
4368524
4368753
4368982
4369210
4369439
4369668
4369897
4370126
4370355
4370583
4370812
4371041
4371270
4371499
4371727
4371956
4372185
4372414
4372642
4372871
4373100
4373328
4373557
4373786
4374014
4374243
4374471
4374700
4374929
4375157
4375386
4375614
4375843
4376071
4376300
4376528
4376757
4376985
4377214
4377442
4377671
4377899
4378127
4378356
4378584
4378813
4379041
4379269
4379498
4379726
4379954
4380183
4380411
4380639
4380867
4381096
4381324
4381552
4381780
4382009
4382237
4382465
4382693
4382921
4383150
4383378
4383606
4383834
4384062
4384290
4384518
4384746
4384974
4385202
4385430
4385658
4385886
4386114
4386342
4386570
4386798
4387026
4387254
4387482
4387710
4387938
4388166
4388394
4388622
4388850
4389077
4389305
4389533
4389761
4389989
4390216
4390444
4390672
4390900
4391127
4391355
4391583
4391811
4392038
4392266
4392494
4392721
4392949
4393177
4393404
4393632
4393859
4394087
4394315
4394542
4394770
4394997
4395225
4395452
4395680
4395907
4396135
4396362
4396590
4396817
4397044
4397272
4397499
4397727
4397954
4398181
4398409
4398636
4398863
4399091
4399318
4399545
4399773
4400000
4400227
4400455
4400682
4400909
4401136
4401363
4401591
4401818
4402045
4402272
4402499
4402726
4402954
4403181
4403408
4403635
4403862
4404089
4404316
4404543
4404770
4404997
4405224
4405451
4405678
4405905
4406132
4406359
4406586
4406813
4407040
4407267
4407494
4407720
4407947
4408174
4408401
4408628
4408855
4409082
4409308
4409535
4409762
4409989
4410215
4410442
4410669
4410896
4411122
4411349
4411576
4411802
4412029
4412256
4412482
4412709
4412936
4413162
4413389
4413615
4413842
4414068
4414295
4414521
4414748
4414975
4415201
4415427
4415654
4415880
4416107
4416333
4416560
4416786
4417013
4417239
4417465
4417692
4417918
4418144
4418371
4418597
4418823
4419050
4419276
4419502
4419728
4419955
4420181
4420407
4420633
4420860
4421086
4421312
4421538
4421764
4421991
4422217
4422443
4422669
4422895
4423121
4423347
4423573
4423799
4424025
4424251
4424477
4424703
4424929
4425155
4425381
4425607
4425833
4426059
4426285
4426511
4426737
4426963
4427189
4427415
4427640
4427866
4428092
4428318
4428544
4428770
4428995
4429221
4429447
4429673
4429898
4430124
4430350
4430576
4430801
4431027
4431253
4431478
4431704
4431930
4432155
4432381
4432606
4432832
4433058
4433283
4433509
4433734
4433960
4434185
4434411
4434636
4434862
4435087
4435313
4435538
4435764
4435989
4436215
4436440
4436665
4436891
4437116
4437342
4437567
4437792
4438018
4438243
4438468
4438694
4438919
4439144
4439369
4439595
4439820
4440045
4440270
4440495
4440721
4440946
4441171
4441396
4441621
4441846
4442072
4442297
4442522
4442747
4442972
4443197
4443422
4443647
4443872
4444097
4444322
4444547
4444772
4444997
4445222
4445447
4445672
4445897
4446122
4446347
4446572
4446797
4447021
4447246
4447471
4447696
4447921
4448146
4448370
4448595
4448820
4449045
4449270
4449494
4449719
4449944
4450169
4450393
4450618
4450843
4451067
4451292
4451517
4451741
4451966
4452190
4452415
4452640
4452864
4453089
4453313
4453538
4453762
4453987
4454211
4454436
4454660
4454885
4455109
4455334
4455558
4455783
4456007
4456232
4456456
4456680
4456905
4457129
4457353
4457578
4457802
4458026
4458251
4458475
4458699
4458924
4459148
4459372
4459596
4459821
4460045
4460269
4460493
4460717
4460942
4461166
4461390
4461614
4461838
4462062
4462286
4462511
4462735
4462959
4463183
4463407
4463631
4463855
4464079
4464303
4464527
4464751
4464975
4465199
4465423
4465647
4465871
4466094
4466318
4466542
4466766
4466990
4467214
4467438
4467662
4467885
4468109
4468333
4468557
4468781
4469004
4469228
4469452
4469676
4469899
4470123
4470347
4470570
4470794
4471018
4471241
4471465
4471689
4471912
