441 381
12913
26565
154506
46825
125763
61791
38973
9956
187837
181376
65114
104985
128480
66532
88369
162655
185018
15117
100315
129944
154966
85005
17726
51771
5316
42919
72529
147727
183981
104565
105387
4123
135649
41940
82992
5617
75461
112386
78166
133890
165397
179764
139537
128340
49085
187832
95250
188869
152935
178791
110428
51349
113712
170525
113379
156323
174212
132668
98731
23592
137984
149909
121499
67107
150423
105661
49421
51481
63774
77652
156652
183667
131426
145188
165364
147312
192624
146149
54706
115477
114853
140937
10061
159465
22877
91535
160849
22663
75605
27040
35116
32608
83334
43092
13107
114685
127709
87196
83283
47472
25150
137315
80507
74396
62001
176774
39088
4170
22880
164377
9431
27970
179370
191235
124579
73171
194381
72540
68666
192413
97086
6513
68353
132127
42822
56734
167617
141333
154723
105690
64346
29427
133788
122189
31457
157518
52749
72509
83514
118164
130546
87471
165912
165443
32767
144782
3189
122257
27315
1563
178197
34151
76296
191565
158692
85918
140812
31564
180867
116017
176709
120918
152126
30651
119381
125061
11236
125934
23119
161067
175784
81729
193015
104539
116487
68167
81626
129553
30485
15043
142236
40464
97166
130385
121366
165603
83979
147913
148147
113370
88977
61101
211
168761
121334
92148
155673
184381
74093
147069
108746
115820
70552
125116
145456
129383
93337
70614
42607
25859
36102
74347
175425
14988
177718
173696
130013
24103
23
85691
83815
82507
93886
540
104736
155203
185677
158756
191643
142201
189191
137293
69403
73110
184796
138866
110920
85610
104024
29238
22564
45203
141623
86412
177399
90426
140285
44077
26223
77948
150309
89880
59319
168108
96376
100692
163698
137781
92893
104524
129673
164272
128960
99311
175976
156524
7659
79204
190333
171479
91025
130970
135695
47742
106332
116115
155758
116362
127750
140227
42624
108289
190460
103117
122565
144588
3902
67748
165305
166757
111024
172120
82223
63725
574
52939
37823
22676
29916
143567
51283
17070
77929
190770
11776
47356
167969
147353
19592
82711
32186
104701
30650
161655
159710
14445
138859
35220
122316
150308
22710
126329
75870
152259
193019
49846
110803
11025
107737
5050
61625
135952
96306
23672
106976
15569
108567
181538
32426
145714
8148
17037
123763
135440
111899
35334
166140
177656
175090
168122
14738
5201
67570
156646
30088
159783
26860
43347
104898
12903
128771
70207
103649
160982
156721
73525
28304
136051
152418
146361
123154
4390
129650
134732
2615
58520
71029
183514
13437
160967
187623
