161
230
599
306
511
352
279
141
767
720
361
459
519
365
420
630
744
174
448
523
601
412
188
322
103
293
381
576
737
458
460
91
539
290
407
106
388
477
395
534
641
710
551
518
313
767
436
776
594
705
472
320
480
663
479
606
681
530
444
217
546
583
500
366
585
461
314
321
357
394
607
735
527
568
641
575
821
571
331
484
483
555
142
617
214
428
623
213
389
233
265
255
408
294
162
483
517
418
408
308
224
544
401
386
352
694
280
91
214
637
137
237
708
801
508
383
868
381
371
818
441
114
370
529
293
337
650
556
600
461
359
243
534
502
251
610
325
381
409
491
524
418
643
641
256
567
80
502
234
56
702
261
391
806
614
415
554
251
717
486
693
498
591
248
494
509
150
512
215
623
689
404
828
458
487
369
404
522
247
173
559
284
441
524
500
642
410
577
578
479
422
350
21
655
500
429
603
740
385
574
468
485
376
510
569
521
432
376
292
227
269
386
687
173
699
678
523
220
7
414
409
406
433
33
458
602
749
615
807
559
779
544
373
382
743
548
473
414
457
242
212
301
557
416
697
425
553
297
229
395
585
424
344
652
439
449
634
545
431
458
522
636
520
446
690
606
124
398
791
668
427
526
539
309
462
486
604
487
517
553
292
467
792
455
503
566
88
368
640
647
473
671
406
357
34
325
275
213
245
563
320
185
395
796
153
308
652
575
198
407
254
458
248
626
618
170
548
265
502
585
213
513
390
591
828
316
473
148
465
100
351
540
439
218
464
176
467
721
255
570
128
185
506
538
476
266
644
699
685
652
172
102
368
607
245
619
232
294
459
161
519
375
456
623
607
383
238
540
592
572
504
94
522
536
72
342
377
734
164
623
765
