281 537
3766
26387
23803
14775
48999
78109
40948
67727
78768
3681
74156
4596
54915
54399
26667
28991
5422
42817
9482
19436
41634
53827
77192
60117
47152
15008
57645
69034
53299
60935
52108
24975
2323
40513
33948
54685
57794
1168
48593
2212
13747
46878
9790
33138
39199
45845
43648
24294
61301
33212
15262
18416
73019
68425
52382
70404
57577
66878
30536
73761
15153
9775
35278
40194
72258
41929
40522
20746
15851
57348
48379
77477
43503
24149
21331
75105
10126
61744
73154
25452
36756
67128
30299
63047
46474
68348
62308
38054
21767
59108
44390
65294
30290
78550
48502
17513
57302
52670
30130
52190
74976
63989
20762
18783
37291
3727
50537
10740
31375
2025
41844
8010
60110
69610
11997
52511
40844
22077
23144
68051
51351
63916
62679
67624
44092
49697
77277
13160
77764
10733
17124
50179
46852
61014
4409
10263
35431
810
32796
12985
66879
16809
13760
39615
68803
63044
77064
59359
40267
2672
8336
39620
7183
18876
43249
70247
73869
46424
62460
28183
32929
48056
55430
7596
59518
12641
4906
54869
35142
68313
45816
42418
16310
20317
45716
11820
55350
60623
27728
4240
10949
30944
7371
57185
38834
21745
14298
14501
49166
5669
26818
7368
63191
26648
36755
6164
55631
9303
42561
54684
65037
73179
30898
60913
29112
51724
35510
22475
51884
36619
25652
5985
63588
50939
32729
71821
49605
54859
50739
74983
42564
31409
45617
12587
44209
48053
78877
29130
230
35237
2352
30324
54538
31686
22220
62197
13956
61405
3463
44716
46129
35130
40544
2135
32477
73346
52418
64964
63405
23677
31086
48985
3884
40128
32033
53508
15085
22662
48835
62855
42394
29206
47753
61306
57745
78738
11364
58944
22610
47322
73839
54668
42920
11418
68341
58084
30500
33117
64477
57947
34873
73454
73441
3028
29481
33533
78159
15082
34856
76038
5756
1679
73622
41599
68518
29071
30467
26989
72674
24808
77589
23438
45069
13239
2813
75697
50388
67799
4052
73921
60206
6909
19307
55192
77182
34837
37058
16653
21766
21630
61904
3689
66484
39944
14859
11253
54389
29838
42929
53959
75818
13385
75808
6088
12506
44994
36949
59276
28260
69746
61668
32621
38005
9688
70573
18931
51295
24655
36369
48776
22406
19141
25732
61698
78662
11366
64327
66074
35909
63720
51139
50809
10432
22509
24930
60944
32910
14382
36778
31114
47814
69517
78567
36201
44845
34908
74518
7609
4109
51895
45296
16637
20364
42449
47818
12764
19914
34217
28033
48328
3337
35551
72975
44775
68743
42131
4997
41861
27392
31606
64302
53047
39768
15232
77399
24210
56857
51742
44310
13691
50504
55982
16288
14162
26016
72318
72815
55337
26848
49773
53751
2592
17827
25834
53092
33599
34894
73536
71240
47426
7833
62783
56123
29615
17199
53320
937
56792
23812
23652
40761
68686
74021
48849
76710
20485
53745
7487
62531
17987
2225
76563
68829
4224
40732
38399
20733
75971
40937
41145
16860
16269
9445
511
61318
30889
44514
31941
34747
35128
21236
8310
75473
56243
39029
44458
21215
55912
78314
11461
3349
13640
78565
49728
73511
3211
32649
68574
3637
9481
69166
23660
57312
19656
74922
46635
31396
3676
43533
2733
51101
2683
50134
46341
64017
45832
23696
11792
45823
35663
31623
51824
6348
2345
12575
42
7717
66613
34389
77544
13756
75106
53315
28140
27732
16799
49021
70589
49616
30857
75305
23509
14506
4828
52111
68087
42483
