87
230
218
172
317
521
286
412
542
86
464
96
343
340
231
241
104
293
138
197
289
338
503
368
310
173
356
421
335
372
330
223
68
285
261
342
356
48
316
67
166
309
140
257
280
305
296
220
374
258
175
192
453
417
331
431
355
407
247
460
174
140
266
284
446
290
285
204
178
354
315
508
296
220
207
474
142
376
454
226
271
408
246
384
307
416
379
276
209
363
299
397
246
533
315
187
354
333
245
331
473
389
204
194
273
86
324
147
250
64
290
127
368
425
155
332
286
210
215
414
327
389
382
411
298
320
504
162
513
147
185
322
309
373
94
143
266
40
256
161
407
183
166
281
419
384
500
364
284
73
129
281
120
194
295
430
461
307
380
237
257
313
345
123
365
159
99
342
265
416
305
292
181
202
304
154
345
370
235
92
148
249
121
353
279
209
169
170
318
106
232
121
384
231
271
111
346
136
292
342
395
454
249
372
241
329
266
212
329
271
227
109
387
325
256
442
320
342
324
473
292
251
304
159
298
313
549
241
21
265
69
246
341
252
211
379
167
375
83
300
306
265
285
65
255
456
332
395
386
218
249
317
88
283
253
336
174
213
317
383
292
242
312
374
356
541
151
362
213
310
461
342
294
151
416
358
247
257
392
357
264
457
457
78
243
259
522
174
264
486
107
58
459
289
417
241
247
232
450
223
510
217
302
163
75
481
323
413
90
462
368
118
197
344
502
264
272
182
209
208
377
86
404
283
172
150
340
244
294
338
483
164
483
110
158
301
272
364
238
426
376
255
276
139
432
195
327
222
270
316
212
196
227
376
538
151
391
401
268
387
326
325
144
212
223
372
257
170
271
249
312
425
534
269
301
264
468
123
91
329
303
182
202
292
312
160
200
262
237
314
82
267
453
301
419
291
100
290
234
251
391
334
282
175
506
220
352
329
299
165
323
348
180
168
228
447
451
345
232
320
337
72
189
227
335
259
264
458
438
311
125
382
348
243
185
336
43
351
218
217
286
419
463
317
495
202
337
122
381
190
67
493
420
92
285
277
204
485
286
287
184
180
137
32
374
249
300
253
264
265
206
129
478
349
279
299
206
347
526
151
82
165
534
320
458
80
256
418
85
138
422
218
354
198
472
308
251
86
296
74
326
73
322
307
389
305
218
154
305
267
251
329
113
68
159
9
124
405
262
509
166
474
336
237
236
183
317
433
320
248
476
217
170
98
330
415
292
