309 677
84952
67053
12403
18908
93230
21908
83512
7907
36507
11358
64207
70782
43919
51081
73111
62798
30637
59777
59206
77562
40462
22256
18160
47849
19534
88755
60825
31490
35554
61761
23247
37544
63730
40320
40760
59355
19566
22650
86875
72089
89681
1790
87656
70955
78700
23911
57693
61697
70049
8162
58914
4350
44492
35348
62485
28153
74884
88733
79820
82171
60658
85025
15787
55569
3640
44540
82697
20809
82408
56052
70221
93080
18677
71127
36694
8471
12521
11520
63323
28360
47931
80190
95327
27101
92923
1632
2156
86180
44794
51617
50146
5753
40656
55324
69047
91702
1430
80074
25073
9919
67861
5598
20836
86783
14435
64368
65624
60856
362
40296
4630
19004
19686
19630
60915
91700
74770
30771
36618
2460
94928
63179
24942
93420
84587
28672
84168
82178
70300
12354
41400
42313
2376
59763
12497
81662
30481
78532
43440
94879
44699
95358
48997
23386
12768
89063
14652
3464
39989
49708
35245
20550
71380
11642
84240
59291
71024
27625
67369
72235
35878
43149
9108
13829
85880
26305
16193
92782
15746
6312
87910
91762
62662
6116
43853
38307
9627
89299
20009
9924
49558
3586
80602
76431
65368
59610
38513
94673
10598
33315
80840
43561
8103
47327
78900
17741
85568
35748
82359
9330
13001
55921
12058
76983
77555
31265
2455
49416
52343
12904
53947
93286
94394
31466
37728
89240
63980
66177
39319
51302
43600
14203
1157
38847
26319
80260
95092
40218
43045
90208
46757
33997
88495
58033
45164
26544
10815
47197
22210
70053
69819
12201
75743
71830
22628
95091
50369
40054
77775
78273
69373
75360
84297
39275
83740
35089
86323
13730
10395
59539
85654
2788
1298
53820
68463
63478
28910
37614
73168
74256
42127
18783
44062
87809
9742
61248
82088
15688
23778
91699
76390
70035
31603
6882
28986
84062
48969
87979
82630
64792
30421
29478
6252
508
12886
84114
63704
21512
31166
63188
25597
75598
70865
42199
41944
49772
55742
6264
25267
45245
2076
57086
74865
41495
80177
3758
63263
347
17432
32068
24769
92831
37779
83753
53638
55577
15017
72248
78761
6667
43158
84671
12487
45993
85902
31592
81894
24753
51536
22848
56340
52253
36867
5625
95362
83745
72394
42186
5674
17875
19770
32039
41183
4551
21744
34355
26391
16234
20220
81070
13281
56200
9930
18682
4841
55405
39728
90454
35710
79893
13452
78012
49189
35969
22323
14321
27936
44088
1419
80054
63103
63154
36281
5155
11520
4209
38144
70385
26559
15216
11958
49710
28839
77045
32702
46764
75458
20652
60077
78763
54364
61180
1922
88359
77676
35386
13356
1525
60211
3179
80457
47554
34306
14189
90352
92549
61725
81784
57780
24709
84071
44710
75386
40804
87446
86295
84863
58824
78779
76441
6060
79096
53578
84669
87557
74070
90036
37336
93671
9
43147
43396
35680
34966
87762
33734
70347
39069
8207
92683
23585
46499
87711
55707
53662
46953
37335
51965
29675
8692
11424
2236
19388
7515
59196
40265
47581
8311
29050
3147
66912
5245
86283
78535
63224
53708
76708
25909
52796
31607
82328
44133
94101
52363
5320
11123
92044
45992
45466
72186
61431
81139
63138
16390
55683
82898
51641
42334
80019
73563
24624
83624
16169
30740
84096
86985
79141
43475
27770
3539
51034
57914
58861
5930
40108
83149
11142
70932
8140
372
2205
82349
37987
19598
46119
55474
36121
57029
71483
83016
58925
14758
9263
41972
84850
13461
74018
52191
29828
7975
12443
54694
23072
74761
45947
68078
64606
71872
16817
28595
68498
32481
59154
33477
12685
49056
93204
1
85787
94514
29933
32710
5596
29353
64873
61276
37669
12021
73077
29857
21048
42769
19339
85694
85497
6550
6524
80054
62512
58911
94688
57589
15358
81314
42364
44370
1176
3084
13366
90742
50105
79021
82502
85185
18419
75617
887
22667
12801
91092
70424
44425
16241
29609
87284
33020
67237
68660
55062
13331
20592
50355
584
53007
5741
59637
87775
51939
55716
24267
54738
52843
4944
68836
14052
72552
69818
92891
32724
23972
35945
8710
72135
83957
81630
54844
52090
30097
15214
62443
55882
76793
83079
61404
74855
54434
23860
26277
42742
65786
80702
46884
61962
84787
1902
31934
90171
59363
66045
18026
53266
39625
52605
72314
77557
21016
46221
85657
42287
84861
52319
59498
64143
59043
19452
7026
52656
