473
380
157
194
551
209
463
126
270
151
368
396
296
320
406
362
248
351
349
429
284
211
191
309
198
502
355
251
267
358
216
274
366
284
286
349
198
213
487
402
510
60
493
397
435
219
343
358
392
128
348
93
298
266
361
237
415
502
441
455
354
473
178
335
85
298
458
204
456
337
393
549
193
397
271
130
158
152
364
238
310
443
600
233
546
57
66
482
299
322
317
107
285
335
388
531
53
442
224
141
383
106
204
486
170
369
374
355
27
284
96
195
198
198
355
531
414
248
271
70
585
364
223
554
470
239
468
455
394
157
288
291
69
351
158
452
247
434
295
583
299
602
313
216
160
505
171
83
283
315
265
203
398
153
468
349
397
235
381
402
268
294
135
166
479
229
180
545
177
112
495
532
362
111
296
277
139
507
200
141
315
85
445
423
373
350
278
578
146
258
447
295
127
308
436
188
477
267
456
137
161
337
155
426
429
250
70
314
324
161
330
552
571
251
275
506
367
376
280
321
295
169
48
279
229
444
590
284
293
515
306
261
500
344
301
230
147
307
211
392
391
156
419
401
213
590
318
283
430
432
389
417
468
280
465
265
483
166
144
350
478
75
51
329
386
365
240
274
407
412
290
194
297
494
140
356
454
177
218
531
423
392
251
117
241
467
313
496
458
370
247
243
112
32
161
467
366
207
250
364
226
419
396
291
290
316
336
112
225
301
64
341
415
288
443
87
364
26
187
253
223
545
275
465
329
335
173
402
435
115
294
471
158
303
480
251
453
222
322
214
338
324
272
106
603
465
403
290
107
189
199
253
287
95
209
262
230
180
201
448
163
338
141
193
98
335
282
518
267
441
164
431
314
268
211
169
236
297
53
442
364
364
269
102
152
92
276
394
230
174
155
315
240
426
256
306
418
203
352
435
331
356
62
499
429
266
163
55
352
80
445
308
262
168
517
541
358
452
343
222
467
299
418
286
491
482
472
347
435
423
110
437
329
471
492
411
514
273
558
4
294
295
267
264
494
260
394
280
128
543
217
305
493
336
329
306
273
323
244
132
151
67
197
123
349
284
308
129
241
79
379
102
482
434
364
329
424
228
326
251
456
297
565
324
103
149
535
303
302
402
357
449
364
181
336
459
322
291
442
409
222
464
180
248
467
488
437
295
236
84
320
344
347
109
283
461
149
396
128
27
66
456
276
198
304
335
269
341
399
460
348
172
136
290
472
164
411
324
244
126
158
332
215
414
303
384
370
401
183
239
386
255
348
259
159
313
551
1
479
574
245
256
106
242
371
356
274
155
406
244
205
292
197
478
477
114
114
442
361
348
578
343
175
450
291
298
48
79
163
521
317
437
457
474
192
419
42
213
160
524
394
298
180
243
490
257
380
386
334
163
203
318
34
327
107
350
494
323
336
220
333
326
99
387
168
404
391
546
256
219
268
132
402
466
452
333
323
245
174
361
337
425
461
357
415
331
218
229
292
374
446
306
359
472
62
253
515
349
375
190
327
282
325
403
429
205
304
478
291
472
324
350
368
348
197
119
325
