8973 195
63165714
18984729
11716210
33834830
20358731
77819306
23876139
47871036
15310549
59030770
78805277
1254217
11814234
6905266
36445484
885423
66673614
52962434
15237965
72769947
76584571
76991179
5619067
80106462
43069080
43833360
58843859
39579804
21150817
46321669
51278368
53186223
66675652
1795046
31545067
54613986
37629041
68698539
43900002
65073885
37863312
69543243
42620777
27168756
30164912
6483938
66320748
22987546
33236463
33360133
30519323
9449474
50337457
25685659
44423242
26354585
18520050
36872671
50106370
45600555
70494146
49646771
11327226
1880759
4626617
10568631
55976138
26326708
76168851
36104537
57729192
21120804
4884880
16094363
72733426
60911404
38434698
18598681
2253986
26621258
67717298
36609044
5742005
19484987
51452221
13883769
19107976
45112624
59123896
45212712
67430923
40537597
12752940
69444648
67434820
42294429
49136044
53493063
49751212
71726947
7557120
3229764
70916553
28365880
8894355
47121631
58901315
20223696
37182087
8031949
52011412
73664314
20768479
28360372
42125596
53053858
64795793
67821992
34985889
8847115
26547709
26892473
55582531
56739990
33106770
63334100
25516242
64821703
62437683
7962805
49860247
13019293
46835522
3159300
54418921
16109408
46307670
48401664
1094843
7220890
13591199
39785329
7686233
45369504
21649262
43006841
26125077
14693649
11224116
10620906
61224856
68888755
38220779
75330709
17816849
70028197
29347086
4908178
55945865
32028310
75693335
12454858
37114762
48157490
15765265
51920492
68138063
75738
31084208
16612426
31542485
7870164
78554856
27478721
1856916
13265778
3055307
28828254
2124769
217519
24959158
25987830
65523100
66895443
68981358
25272668
22022060
74420262
53675074
50322040
65998421
34680478
70068554
928100
23507228
