12055
6162
4841
8226
6381
15624
6910
9866
5534
11391
16097
1584
4861
3716
8538
1331
12685
10523
5521
14010
15142
15291
3352
17042
9292
9381
11363
8897
6504
9676
10299
10553
12685
1895
7943
10749
8675
13085
9389
12389
8702
13262
9240
7371
7767
3601
12618
6780
8153
8168
7813
4347
10177
7167
9450
7260
6086
8588
10147
9590
13469
10089
4760
1939
3042
4598
10940
7256
14998
8498
11195
6499
3126
5674
14001
11684
8768
6099
2123
7297
12887
8557
3389
6243
10322
5269
6182
9531
11405
9543
12831
9004
5050
13241
12831
9203
10024
10595
10102
13754
3888
2542
13565
7532
4218
9774
11371
6360
8623
4008
10396
14245
6445
7531
9184
10535
12339
12908
8365
4206
7287
7334
10885
11050
8137
12084
7144
12344
11933
3991
10116
5103
9739
2514
10722
5676
9675
9932
1480
3800
5214
8920
3921
9562
6580
9285
7228
5421
4738
4609
11735
13124
8743
14726
5969
13366
7661
3133
10936
8004
14841
4991
8616
9901
5615
10384
12971
389
7885
5764
7943
3967
15966
7413
1927
5151
2472
7593
2061
660
7065
7209
12470
12727
13143
7110
6637
14455
10619
10175
12558
8328
13375
1362
6857
