29 752
615
461
571
741
250
328
118
782
522
279
213
213
666
62
5
499
720
809
713
296
768
369
669
604
311
312
122
155
520
544
390
544
5
125
234
211
616
380
685
389
492
218
217
7
99
541
477
465
285
794
499
531
203
277
358
779
712
676
587
706
484
603
276
14
756
643
134
35
511
258
551
491
697
313
588
176
71
805
778
635
479
548
222
41
378
392
103
297
382
633
200
599
464
268
488
185
353
644
833
838
715
360
169
561
390
521
447
321
785
385
42
198
486
792
544
191
247
793
461
393
651
670
835
710
542
520
100
751
775
758
196
270
253
200
230
783
443
252
670
136
303
370
783
364
194
49
467
824
565
346
600
830
192
105
541
743
284
324
819
273
658
456
390
628
472
810
508
298
543
316
673
789
808
607
230
248
816
443
339
825
67
776
501
654
330
147
603
583
46
46
503
333
70
582
689
707
298
238
624
479
228
496
671
489
412
172
325
384
739
742
823
829
259
515
689
744
168
366
201
449
777
723
825
514
203
402
334
111
770
775
657
100
257
835
640
588
734
402
117
750
333
633
277
313
788
753
134
507
6
262
173
158
74
180
227
660
759
770
520
204
675
244
584
207
87
686
286
323
791
331
607
326
632
143
797
738
794
793
355
112
808
705
589
271
441
841
827
400
571
93
590
612
220
366
411
485
644
665
38
656
29
393
568
464
526
248
415
187
42
207
610
83
796
522
285
335
770
393
466
226
431
463
611
219
117
371
181
733
454
62
344
297
168
604
345
162
749
253
323
410
137
21
762
749
531
318
512
223
829
686
3
323
508
325
558
261
669
670
475
707
380
296
9
89
826
46
421
512
781
251
729
301
675
560
807
594
105
290
104
317
783
566
674
830
764
773
706
642
707
472
51
833
576
656
304
334
729
191
18
830
638
542
711
831
478
336
431
795
496
125
18
612
376
673
720
310
516
495
362
560
649
575
421
517
766
398
575
31
142
50
277
393
467
371
760
504
635
289
103
780
550
289
448
429
618
243
654
620
675
145
380
340
190
128
621
764
668
490
353
55
15
378
772
243
296
403
740
679
352
686
330
290
312
135
304
690
346
788
687
500
281
603
748
99
391
525
298
301
142
243
64
651
706
384
584
321
272
754
288
253
553
576
430
800
434
311
287
71
265
617
33
795
164
250
265
616
775
271
240
779
259
789
756
226
22
68
599
467
641
67
401
358
134
389
549
153
816
3
632
469
454
648
750
502
839
14
163
720
541
688
161
416
208
809
613
707
401
336
252
802
306
596
479
299
385
394
546
178
202
97
402
267
72
443
31
544
279
276
308
208
678
294
327
546
20
20
424
205
814
149
572
779
138
701
82
363
639
21
563
339
287
817
76
772
176
123
835
325
406
302
18
198
164
772
337
547
787
27
552
26
464
749
345
736
789
278
141
175
186
826
711
605
726
90
291
496
838
684
210
681
663
645
434
372
219
66
524
634
200
741
224
265
737
120
470
353
180
532
255
432
738
807
383
415
840
49
178
7
247
275
811
68
798
271
424
575
440
801
220
440
452
622
98
321
77
707
525
366
202
272
649
458
494
818
165
92
138
316
671
807
643
343
506
336
754
90
122
452
601
587
283
496
265
214
334
449
534
295
651
560
232
739
200
638
283
374
26
239
730
645
280
738
169
106
792
322
383
134
837
340
201
644
491
191
787
417
768
144
447
239
500
126
