37
30
35
44
22
26
15
47
33
24
21
21
39
11
3
32
42
50
42
24
46
27
39
36
25
25
16
18
33
34
28
34
3
16
22
21
37
28
40
28
32
21
21
4
14
33
31
31
24
48
32
33
20
24
27
47
42
40
35
42
31
36
23
5
45
38
16
8
32
23
34
32
41
25
35
19
12
49
47
38
31
34
21
9
27
28
14
24
28
38
20
36
31
23
31
19
27
38
54
55
42
27
18
34
28
33
30
25
47
28
9
20
31
48
34
20
22
48
30
28
38
39
54
42
34
33
14
45
46
45
20
23
22
20
21
47
30
22
39
16
25
27
47
27
20
10
31
52
34
26
36
53
20
14
33
44
24
25
51
23
39
30
28
37
31
50
32
24
34
25
40
48
50
36
21
22
51
30
26
52
12
47
32
39
26
17
36
35
10
10
32
26
12
35
41
42
24
22
37
31
21
32
40
31
29
19
25
28
44
44
52
53
23
32
41
44
18
27
20
30
47
43
52
32
20
28
26
15
46
46
39
14
23
54
38
35
43
28
15
44
26
38
24
25
48
45
16
32
3
23
19
18
12
19
21
39
45
46
33
20
40
22
35
20
13
40
24
25
48
26
36
26
38
17
49
44
48
48
27
15
50
41
36
23
30
57
53
28
35
14
36
37
21
27
29
31
38
39
9
39
8
28
35
31
33
22
29
19
9
20
36
13
48
33
24
26
46
28
31
21
29
30
37
21
15
27
19
43
30
11
26
24
18
36
26
18
44
22
25
29
17
6
45
44
33
25
32
21
53
40
2
25
32
25
34
23
39
39
31
42
28
24
4
13
52
10
29
32
47
22
43
25
40
34
50
36
14
24
14
25
47
35
40
53
46
46
42
38
42
31
10
54
35
39
25
26
43
20
6
53
38
34
42
53
31
26
29
48
32
16
6
37
27
40
42
25
32
32
27
34
38
35
29
33
46
28
35
8
17
10
24
28
31
27
45
32
38
24
14
47
34
24
30
29
37
22
39
37
40
17
28
26
19
16
37
46
39
31
27
10
5
27
46
22
24
28
44
40
27
40
26
24
25
16
25
41
26
48
40
32
24
36
44
14
28
33
24
25
17
22
11
38
42
28
35
25
23
45
24
22
34
35
29
49
29
25
24
12
23
37
8
48
18
22
23
37
46
23
22
47
23
48
45
21
7
12
36
31
38
12
28
27
16
28
34
17
51
2
38
31
30
38
44
32
56
5
18
42
33
40
18
29
20
50
37
42
28
26
22
49
25
36
31
24
28
28
34
19
20
14
28
23
12
30
8
34
24
23
25
20
40
24
26
34
6
6
29
20
51
17
35
47
17
41
13
27
38
6
34
26
24
51
12
46
19
16
54
25
28
25
6
20
18
46
26
34
48
7
34
7
31
44
26
43
48
24
17
19
19
52
42
36
43
13
24
32
55
40
20
40
39
38
29
27
21
11
33
38
20
44
21
23
44
15
31
27
19
33
23
29
44
50
28
29
56
10
19
4
22
23
50
12
49
23
29
35
30
49
21
30
30
37
14
25
12
42
33
27
20
23
38
30
32
51
18
14
17
25
40
50
38
26
32
26
45
13
16
30
36
35
24
32
23
21
26
30
33
24
38
34
22
44
20
38
24
27
7
22
43
38
24
44
18
15
48
25
28
16
55
26
20
38
32
20
48
29
46
17
30
22
32
16
